season,week,franchise_id,player_id,contractYear,status,contractInfo,salary,as_of
2025,22,0001,14892,2,ROSTER,2023 iEXT,6.96,2026-08-25
2025,22,0001,13723,2,ROSTER,2023 SRFA,7.26,2026-08-25
2025,22,0001,16226,2,ROSTER,2023 2.06,1.91,2026-08-25
2025,22,0001,14405,2,ROSTER,2023 iEXT,9.12,2026-08-25
2025,22,0001,13590,1,ROSTER,2021 EXT,9.33,2026-08-25
2025,22,0001,15366,3,ROSTER,2024 B/R,6.64,2026-08-25
2025,22,0001,14797,2,ROSTER,2024 UFA,11.88,2026-08-25
2025,22,0001,16627,3,ROSTER,2024 1.12,2.75,2026-08-25
2025,22,0001,16598,3,ROSTER,2024 4.06,1.06,2026-08-25
2025,22,0001,14947,2,ROSTER,2024 UFA,3.56,2026-08-25
2025,22,0001,12620,2,ROSTER,2021 EXT,30.53,2026-08-25
2025,22,0001,14412,1,ROSTER,2024 oEXT,7.59,2026-08-25
2025,22,0001,16704,3,ROSTER,2024 4.02,1.09,2026-08-25
2025,22,0001,11769,2,ROSTER,2025 R/F,1.0,2026-08-25
2025,22,0001,14893,1,ROSTER,2024 ERFA,1.1,2026-08-25
2025,22,0001,16279,1,ROSTER,2025 ERFA,1.1,2026-08-25
2025,22,0001,13839,3,ROSTER,2025 RRFA,15.0,2026-08-25
2025,22,0001,15331,2,ROSTER,2024 iEXT,4.12,2026-08-25
2025,22,0001,17031,4,ROSTER,2025 4.02,1.06,2026-08-25
2025,22,0001,17102,4,ROSTER,2025 1.10,3.33,2026-08-25
2025,22,0001,17148,4,ROSTER,2025 4.04,1.04,2026-08-25
2025,22,0001,17115,4,ROSTER,2025 3.05,1.3,2026-08-25
2025,22,0001,17131,4,ROSTER,2025 3.13,1.17,2026-08-25
2025,22,0001,16287,1,ROSTER,2025 UFA,1.8,2026-08-25
2025,22,0001,10266,2,ROSTER,2025 UFA,12.35,2026-08-25
2025,22,0001,15365,1,ROSTER,2025 UFA,8.7,2026-08-25
2025,22,0001,14219,1,ROSTER,2025 UFA,1.8,2026-08-25
2025,22,0001,14170,1,ROSTER,2025 UFA,1.8,2026-08-25
2025,22,0001,16165,2,ROSTER,2023 3.07,1.34,2026-08-25
2025,22,0001,15866,1,ROSTER,2025 UFA,1.0,2026-08-25
2025,22,0001,15380,1,ROSTER,2025 UFA,1.0,2026-08-25
2025,22,0001,16192,1,ROSTER,2025 UFA,1.9,2026-08-25
2025,22,0001,15727,1,ROSTER,2025 UFA,1.0,2026-08-25
2025,22,0001,15358,1,ROSTER,2025 UFA,1.8,2026-08-25
2025,22,0001,17097,4,ROSTER,2025 5.08,0.95,2026-08-25
2025,22,0001,17072,4,ROSTER,2025 2.03,2.05,2026-08-25
2025,22,0001,15913,1,ROSTER,2025 UFA,1.0,2026-08-25
2025,22,0001,15369,1,ROSTER,2025 UFA,1.0,2026-08-25
2025,22,0001,13431,1,ROSTER,2025 UFA,1.0,2026-08-25
2025,22,0001,13404,1,ROSTER,2025 UFA,1.0,2026-08-25
2025,22,0001,13888,1,ROSTER,2025 UFA,1.0,2026-08-25
2025,22,0001,14933,1,ROSTER,2025 UFA,1.0,2026-08-25
2025,22,0001,15890,1,ROSTER,2025 UFA,1.0,2026-08-25
2025,22,0002,14153,2,ROSTER,2025 oEXT,14.69,2026-08-25
2025,22,0002,15794,1,ROSTER,2022 3.06^,5.35,2026-08-25
2025,22,0002,15762,1,ROSTER,2022 1.13,3.23,2026-08-25
2025,22,0002,16262,2,ROSTER,2023 4.09,1.12,2026-08-25
2025,22,0002,15756,1,ROSTER,2022 1.06,5.75,2026-08-25
2025,22,0002,14802,2,ROSTER,2024 iEXT,17.6,2026-08-25
2025,22,0002,14779,4,ROSTER,2023 iEXT,15.14,2026-08-25
2025,22,0002,16251,2,ROSTER,2023 4.15,1.1,2026-08-25
2025,22,0002,14832,3,ROSTER,2024 NEFToff,37.73,2026-08-25
2025,22,0002,12225,1,ROSTER,2024 B/R,11.5,2026-08-25
2025,22,0002,16655,3,ROSTER,2024 2.16,1.42,2026-08-25
2025,22,0002,13837,2,ROSTER,2024 UFA,10.0,2026-08-25
2025,22,0002,14249,1,ROSTER,2024 UFA,7.5,2026-08-25
2025,22,0002,10783,1,ROSTER,2024 R/F,1.1,2026-08-25
2025,22,0002,14897,3,ROSTER,2024 UFA,21.51,2026-08-25
2025,22,0002,15428,1,ROSTER,2025 ERFA,1.1,2026-08-25
2025,22,0002,14669,1,ROSTER,2025 ERFA,1.1,2026-08-25
2025,22,0002,15290,1,ROSTER,2025 NEFT,42.24,2026-08-25
2025,22,0002,17116,3,ROSTER,2025 UDFA,0.9,2026-08-25
2025,22,0002,15979,3,ROSTER,2025 UFA,1.86,2026-08-25
2025,22,0002,15757,1,ROSTER,2022 3.19,1.3,2026-08-25
2025,22,0002,17161,3,ROSTER,2025 UDFA,0.9,2026-08-25
2025,22,0002,17033,4,ROSTER,2025 3.17,1.12,2026-08-25
2025,22,0002,17056,4,ROSTER,2025 5.07,0.95,2026-08-25
2025,22,0002,17138,4,ROSTER,2025 3.14,1.15,2026-08-25
2025,22,0002,16670,3,ROSTER,2024 5.13,0.98,2026-08-25
2025,22,0002,16300,1,ROSTER,2025 UFA,3.0,2026-08-25
2025,22,0002,14283,1,ROSTER,2024 R/F,1.1,2026-08-25
2025,22,0002,14997,1,ROSTER,2025 UFA,2.6,2026-08-25
2025,22,0002,16145,1,ROSTER,2025 UFA,1.0,2026-08-25
2025,22,0002,15378,1,ROSTER,2025 UFA,1.0,2026-08-25
2025,22,0002,16181,2,ROSTER,2023 3.17,1.21,2026-08-25
2025,22,0002,16450,1,ROSTER,2025 UFA,1.9,2026-08-25
2025,22,0002,16680,1,ROSTER,2025 UFA,1.1,2026-08-25
2025,22,0002,14256,1,ROSTER,2025 UFA,1.0,2026-08-25
2025,22,0002,17261,1,ROSTER,2025 UFA,1.0,2026-08-25
2025,22,0002,12140,1,ROSTER,2025 UFA,1.5,2026-08-25
2025,22,0002,15875,1,ROSTER,2025 UFA,1.8,2026-08-25
2025,22,0002,14151,1,ROSTER,2025 UFA,1.0,2026-08-25
2025,22,0002,15832,1,ROSTER,2025 UFA,1.8,2026-08-25
2025,22,0002,7394,1,ROSTER,2025 UFA,1.0,2026-08-25
2025,22,0002,12305,1,ROSTER,2025 UFA,1.1,2026-08-25
2025,22,0002,11327,1,ROSTER,2025 UFA,1.0,2026-08-25
2025,22,0002,14871,1,ROSTER,2025 UFA,1.0,2026-08-25
2025,22,0002,13595,1,ROSTER,2025 UFA,2.0,2026-08-25
2025,22,0002,15923,1,INJURED_RESERVE,2025 UFA,3.5,2026-08-25
2025,22,0002,16736,2,INJURED_RESERVE,2025 R/F,1.0,2026-08-25
2025,22,0002,15254,1,INJURED_RESERVE,2025 UFA,1.1,2026-08-25
2025,22,0003,14127,1,ROSTER,2024 iEXT,9.12,2026-08-25
2025,22,0003,14171,2,ROSTER,2024 B/R,10.89,2026-08-25
2025,22,0003,15708,4,ROSTER,2025 iEXT,10.27,2026-08-25
2025,22,0003,12611,3,ROSTER,2024 UFA,18.7,2026-08-25
2025,22,0003,14071,1,ROSTER,2024 UFA,11.5,2026-08-25
2025,22,0003,16579,3,ROSTER,2024 1.02,7.41,2026-08-25
2025,22,0003,16641,3,ROSTER,2024 1.07,4.02,2026-08-25
2025,22,0003,16650,3,ROSTER,2024 2.05,1.86,2026-08-25
2025,22,0003,13223,1,ROSTER,2024 iEXT,2.32,2026-08-25
2025,22,0003,13630,1,ROSTER,2024 iEXT,20.33,2026-08-25
2025,22,0003,15809,1,ROSTER,2022 2.05,2.24,2026-08-25
2025,22,0003,15836,1,ROSTER,2022 4.01,1.25,2026-08-25
2025,22,0003,13737,1,ROSTER,2025 NEFT,8.87,2026-08-25
2025,22,0003,14860,1,ROSTER,2025 ERFA,1.1,2026-08-25
2025,22,0003,14833,4,ROSTER,2025 ORFA1,8.8,2026-08-25
2025,22,0003,17081,4,ROSTER,2025 1.14,2.58,2026-08-25
2025,22,0003,17052,4,ROSTER,2025 2.10,1.64,2026-08-25
2025,22,0003,17144,4,ROSTER,2025 2.15,1.46,2026-08-25
2025,22,0003,14218,2,ROSTER,2025 UFA,5.89,2026-08-25
2025,22,0003,15003,1,ROSTER,2025 UFA,1.8,2026-08-25
2025,22,0003,16593,3,ROSTER,2024 3.03,1.35,2026-08-25
2025,22,0003,16660,3,ROSTER,2024 3.11,1.21,2026-08-25
2025,22,0003,16252,2,ROSTER,2023 3.18,1.2,2026-08-25
2025,22,0003,17125,4,ROSTER,2025 3.12,1.18,2026-08-25
2025,22,0003,16603,3,ROSTER,2024 4.05,1.07,2026-08-25
2025,22,0003,15799,1,ROSTER,2025 ERFA,1.09,2026-08-25
2025,22,0003,17128,4,ROSTER,2025 4.01,1.07,2026-08-25
2025,22,0003,13744,1,ROSTER,2025 UFA,1.1,2026-08-25
2025,22,0003,14717,1,ROSTER,2025 UFA,1.8,2026-08-25
2025,22,0003,16077,1,ROSTER,2025 UFA,1.9,2026-08-25
2025,22,0003,15446,1,ROSTER,2025 UFA,1.9,2026-08-25
2025,22,0003,15401,1,ROSTER,2025 UFA,1.0,2026-08-25
2025,22,0003,15742,2,ROSTER,2025 iEXT,9.08,2026-08-25
2025,22,0003,16212,2,ROSTER,2023 1.15,2.53,2026-08-25
2025,22,0003,16705,1,ROSTER,2025 UFA,1.0,2026-08-25
2025,22,0003,13952,2,ROSTER,2025 UFA,5.13,2026-08-25
2025,22,0003,13448,1,ROSTER,2025 UFA,3.6,2026-08-25
2025,22,0003,14159,2,ROSTER,2023 UFA,14.4,2026-08-25
2025,22,0003,16184,2,ROSTER,2023 2.13,1.59,2026-08-25
2025,22,0003,14179,2,ROSTER,2024 iEXT,7.22,2026-08-25
2025,22,0003,17169,1,ROSTER,2025 UFA,1.0,2026-08-25
2025,22,0003,13791,1,ROSTER,2025 UFA,1.0,2026-08-25
2025,22,0003,14147,3,INJURED_RESERVE,2023 UFA,19.36,2026-08-25
2025,22,0003,14900,2,INJURED_RESERVE,2025 B/R,9.5,2026-08-25
2025,22,0003,15819,1,INJURED_RESERVE,2022 2.13,1.78,2026-08-25
2025,22,0004,14782,2,ROSTER,2023 iEXT,10.48,2026-08-25
2025,22,0004,14149,2,ROSTER,2024 iEXT,3.0,2026-08-25
2025,22,0004,16190,2,ROSTER,2023 1.10,3.45,2026-08-25
2025,22,0004,16223,2,ROSTER,2023 1.11,3.21,2026-08-25
2025,22,0004,14518,1,ROSTER,2023 UFA,2.73,2026-08-25
2025,22,0004,14836,3,ROSTER,2024 NEFToff,41.25,2026-08-25
2025,22,0004,9431,2,ROSTER,2024 SRFA,12.89,2026-08-25
2025,22,0004,16651,3,ROSTER,2024 2.01,2.15,2026-08-25
2025,22,0004,16677,3,ROSTER,2024 3.13,1.18,2026-08-25
2025,22,0004,13692,2,ROSTER,2024 UFA,2.97,2026-08-25
2025,22,0004,14910,1,ROSTER,2024 UFA,3.25,2026-08-25
2025,22,0004,16747,3,ROSTER,2024 4.16,1.01,2026-08-25
2025,22,0004,15281,5,ROSTER,2025 iEXT,40.64,2026-08-25
2025,22,0004,15710,4,ROSTER,2025 FRFA,7.46,2026-08-25
2025,22,0004,14590,1,ROSTER,2025 ERFA,1.09,2026-08-25
2025,22,0004,14943,1,ROSTER,2025 ERFA,1.1,2026-08-25
2025,22,0004,16346,1,ROSTER,2025 ERFA,1.1,2026-08-25
2025,22,0004,11150,2,ROSTER,2025 B/R,7.6,2026-08-25
2025,22,0004,17121,4,ROSTER,2025 1.16,2.33,2026-08-25
2025,22,0004,17078,4,ROSTER,2025 2.04,1.98,2026-08-25
2025,22,0004,16213,2,ROSTER,2023 1.07,4.47,2026-08-25
2025,22,0004,12711,1,ROSTER,2025 R/F,1.0,2026-08-25
2025,22,0004,17047,4,ROSTER,2025 3.18,1.11,2026-08-25
2025,22,0004,17037,4,ROSTER,2025 4.19,0.97,2026-08-25
2025,22,0004,17241,3,ROSTER,2025 UDFA,0.9,2026-08-25
2025,22,0004,17167,3,ROSTER,2025 UDFA,0.9,2026-08-25
2025,22,0004,11936,2,ROSTER,2025 UFA,1.9,2026-08-25
2025,22,0004,15387,1,ROSTER,2025 UFA,1.8,2026-08-25
2025,22,0004,15362,1,ROSTER,2025 UFA,1.8,2026-08-25
2025,22,0004,15868,1,ROSTER,2025 UFA,2.1,2026-08-25
2025,22,0004,17256,3,ROSTER,2025 UDFA,0.9,2026-08-25
2025,22,0004,17186,3,ROSTER,2025 UDFA,0.9,2026-08-25
2025,22,0004,16767,1,ROSTER,2025 UFA,1.0,2026-08-25
2025,22,0004,15857,1,ROSTER,2025 UFA,1.0,2026-08-25
2025,22,0004,13299,2,ROSTER,2024 UFA,24.75,2026-08-25
2025,22,0004,16734,3,ROSTER,2024 4.19,1.0,2026-08-25
2025,22,0004,16572,1,ROSTER,2025 UFA,2.1,2026-08-25
2025,22,0004,16663,1,ROSTER,2025 UFA,1.8,2026-08-25
2025,22,0004,16246,3,ROSTER,2025 iEXT,2.23,2026-08-25
2025,22,0004,17034,1,ROSTER,2025 UFA,3.7,2026-08-25
2025,22,0004,16778,1,ROSTER,2025 UFA,1.8,2026-08-25
2025,22,0004,16757,1,ROSTER,2025 UFA,1.8,2026-08-25
2025,22,0004,15806,1,ROSTER,2022 1.15,2.89,2026-08-25
2025,22,0004,11247,1,ROSTER,2025 UFA,1.1,2026-08-25
2025,22,0004,16597,3,INJURED_RESERVE,2024 1.14,2.46,2026-08-25
2025,22,0004,17113,4,INJURED_RESERVE,2025 2.14,1.49,2026-08-25
2025,22,0004,15753,5,INJURED_RESERVE,2025 iEXT,10.5,2026-08-25
2025,22,0004,16227,1,INJURED_RESERVE,2025 UFA,1.9,2026-08-25
2025,22,0005,15808,5,ROSTER,2025 iEXT,3.55,2026-08-25
2025,22,0005,13742,1,ROSTER,2023 SRFA,5.2,2026-08-25
2025,22,0005,16189,2,ROSTER,2023 2.12,1.64,2026-08-25
2025,22,0005,14322,1,ROSTER,2024 SRFA,5.38,2026-08-25
2025,22,0005,16610,3,ROSTER,2024 2.11,1.57,2026-08-25
2025,22,0005,14163,3,ROSTER,2025 iEXT,18.57,2026-08-25
2025,22,0005,16716,3,ROSTER,2024 3.18,1.13,2026-08-25
2025,22,0005,16206,1,ROSTER,2023 4.14,1.1,2026-08-25
2025,22,0005,15754,6,ROSTER,2025 iEXT,6.66,2026-08-25
2025,22,0005,12626,1,ROSTER,2025 NEFT,26.48,2026-08-25
2025,22,0005,14109,3,ROSTER,2025 B/R,34.11,2026-08-25
2025,22,0005,17104,4,ROSTER,2025 1.08,3.93,2026-08-25
2025,22,0005,17039,4,ROSTER,2025 3.09,1.23,2026-08-25
2025,22,0005,14630,2,ROSTER,2025 UFA,1.86,2026-08-25
2025,22,0005,12752,2,ROSTER,2025 UFA,3.8,2026-08-25
2025,22,0005,15418,2,ROSTER,2025 UFA,5.7,2026-08-25
2025,22,0005,13671,1,ROSTER,2025 UFA,12.5,2026-08-25
2025,22,0005,14940,3,ROSTER,2022 oEXT,6.37,2026-08-25
2025,22,0005,16282,1,ROSTER,2023 UDFA,0.98,2026-08-25
2025,22,0005,16276,2,ROSTER,2023 3.19,1.2,2026-08-25
2025,22,0005,13713,1,ROSTER,2025 ERFA,1.1,2026-08-25
2025,22,0005,17086,4,ROSTER,2025 3.16,1.13,2026-08-25
2025,22,0005,14823,1,ROSTER,2025 UFA,1.8,2026-08-25
2025,22,0005,14251,1,ROSTER,2025 RRFA,10.0,2026-08-25
2025,22,0005,16342,1,ROSTER,2025 UFA,1.8,2026-08-25
2025,22,0005,17178,1,ROSTER,2025 UFA,1.0,2026-08-25
2025,22,0005,13774,1,ROSTER,2025 UFA,1.8,2026-08-25
2025,22,0005,13281,1,ROSTER,2025 UFA,1.0,2026-08-25
2025,22,0005,12772,2,ROSTER,2025 R/F,1.0,2026-08-25
2025,22,0005,13719,1,ROSTER,2025 UFA,1.1,2026-08-25
2025,22,0005,15124,1,ROSTER,2025 UFA,1.0,2026-08-25
2025,22,0005,17055,4,ROSTER,2025 4.05,1.04,2026-08-25
2025,22,0005,13697,2,ROSTER,2023 UFA,3.09,2026-08-25
2025,22,0005,11222,1,ROSTER,2025 UFA,1.8,2026-08-25
2025,22,0005,11760,1,ROSTER,2025 UFA,1.0,2026-08-25
2025,22,0005,15856,1,ROSTER,2025 UFA,2.8,2026-08-25
2025,22,0005,14957,1,ROSTER,2025 UFA,1.9,2026-08-25
2025,22,0005,15473,1,ROSTER,2025 UFA,1.0,2026-08-25
2025,22,0005,13633,1,ROSTER,2025 UFA,1.2,2026-08-25
2025,22,0005,15121,1,ROSTER,2025 UFA,1.0,2026-08-25
2025,22,0005,13164,1,ROSTER,2025 UFA,1.8,2026-08-25
2025,22,0005,15515,1,ROSTER,2025 UFA,1.0,2026-08-25
2025,22,0005,15812,1,ROSTER,2025 UFA,1.0,2026-08-25
2025,22,0005,17353,1,ROSTER,2025 UFA,1.1,2026-08-25
2025,22,0005,17143,1,ROSTER,2025 UFA,1.1,2026-08-25
2025,22,0005,16604,3,INJURED_RESERVE,2024 3.06,1.29,2026-08-25
2025,22,0005,16171,2,INJURED_RESERVE,2023 2.03,2.13,2026-08-25
2025,22,0005,17045,4,INJURED_RESERVE,2025 2.09,1.69,2026-08-25
2025,22,0005,17074,4,INJURED_RESERVE,2025 1.03,7.03,2026-08-25
2025,22,0005,13629,1,INJURED_RESERVE,2025 UFA,2.4,2026-08-25
2025,22,0005,17153,4,INJURED_RESERVE,2025 4.09,1.01,2026-08-25
2025,22,0005,13131,1,INJURED_RESERVE,2025 UFA,1.8,2026-08-25
2025,22,0005,13116,4,INJURED_RESERVE,2023 oEXT,37.71,2026-08-25
2025,22,0005,16662,2,INJURED_RESERVE,2024 4.15,1.02,2026-08-25
2025,22,0005,16014,1,INJURED_RESERVE,2025 UFA,1.9,2026-08-25
2025,22,0005,17184,3,INJURED_RESERVE,2025 UDFA,0.9,2026-08-25
2025,22,0005,16194,2,INJURED_RESERVE,2023 2.04,2.05,2026-08-25
2025,22,0005,15904,1,INJURED_RESERVE,2025 UFA,1.8,2026-08-25
2025,22,0005,15858,1,INJURED_RESERVE,2025 UFA,1.0,2026-08-25
2025,22,0005,13920,1,INJURED_RESERVE,2025 UFA,1.0,2026-08-25
2025,22,0006,14783,5,ROSTER,2024 iEXT,23.52,2026-08-25
2025,22,0006,15282,4,ROSTER,2024 iEXT,18.66,2026-08-25
2025,22,0006,15715,2,ROSTER,2025 iEXT,12.48,2026-08-25
2025,22,0006,15846,3,ROSTER,2025 iEXT,5.18,2026-08-25
2025,22,0006,15871,1,ROSTER,2022 5.02^,5.35,2026-08-25
2025,22,0006,14921,2,ROSTER,2023 SRFA,5.2,2026-08-25
2025,22,0006,16330,2,ROSTER,2023 5.18,1.04,2026-08-25
2025,22,0006,15761,4,ROSTER,2025 iEXT,7.25,2026-08-25
2025,22,0006,14889,1,ROSTER,2024 UFA,3.14,2026-08-25
2025,22,0006,15452,2,ROSTER,2024 SRFA,5.38,2026-08-25
2025,22,0006,16649,3,ROSTER,2024 3.14,1.17,2026-08-25
2025,22,0006,13268,1,ROSTER,2025 ORFA4,3.41,2026-08-25
2025,22,0006,17071,4,ROSTER,2025 1.04,6.11,2026-08-25
2025,22,0006,17134,4,ROSTER,2025 2.07,1.79,2026-08-25
2025,22,0006,17107,4,ROSTER,2025 2.11,1.6,2026-08-25
2025,22,0006,17146,4,ROSTER,2025 4.14,0.99,2026-08-25
2025,22,0006,17059,4,ROSTER,2025 5.09,0.95,2026-08-25
2025,22,0006,17064,4,ROSTER,2025 5.02,0.96,2026-08-25
2025,22,0006,16193,1,ROSTER,2025 UFA,3.5,2026-08-25
2025,22,0006,13681,1,ROSTER,2025 UFA,9.2,2026-08-25
2025,22,0006,15702,2,ROSTER,2025 R/F,1.0,2026-08-25
2025,22,0006,16654,3,ROSTER,2024 4.23,1.0,2026-08-25
2025,22,0006,14918,1,ROSTER,2025 UFA,1.0,2026-08-25
2025,22,0006,12218,1,ROSTER,2025 UFA,1.0,2026-08-25
2025,22,0006,15864,3,ROSTER,2025 iEXT,3.59,2026-08-25
2025,22,0006,15390,3,ROSTER,2024 iEXT,1.87,2026-08-25
2025,22,0006,12744,1,ROSTER,2025 UFA,1.0,2026-08-25
2025,22,0006,16281,2,ROSTER,2023 5.10,1.06,2026-08-25
2025,22,0006,15388,1,ROSTER,2025 UFA,1.0,2026-08-25
2025,22,0006,7836,1,ROSTER,2025 UFA,10.0,2026-08-25
2025,22,0006,15833,1,ROSTER,2025 UFA,1.0,2026-08-25
2025,22,0006,16283,2,ROSTER,2024 iEXT,4.7,2026-08-25
2025,22,0006,17036,4,ROSTER,2025 5.04,0.96,2026-08-25
2025,22,0006,13347,1,ROSTER,2025 UFA,1.0,2026-08-25
2025,22,0006,11317,1,ROSTER,2025 UFA,1.0,2026-08-25
2025,22,0006,13263,1,ROSTER,2025 UFA,1.0,2026-08-25
2025,22,0006,15409,1,ROSTER,2025 UFA,1.0,2026-08-25
2025,22,0006,17201,1,ROSTER,2025 UFA,1.0,2026-08-25
2025,22,0006,13672,1,ROSTER,2025 UFA,1.1,2026-08-25
2025,22,0006,17234,1,ROSTER,2025 UFA,1.0,2026-08-25
2025,22,0006,17220,1,ROSTER,2025 UFA,1.0,2026-08-25
2025,22,0006,14840,4,ROSTER,2023 iEXT,20.57,2026-08-25
2025,22,0006,17152,3,ROSTER,2025 UDFA,0.9,2026-08-25
2025,22,0006,13418,1,ROSTER,2025 UFA,1.9,2026-08-25
2025,22,0006,16594,3,INJURED_RESERVE,2024 1.16,2.24,2026-08-25
2025,22,0006,14225,4,INJURED_RESERVE,2024 iEXT,24.24,2026-08-25
2025,22,0007,15284,5,ROSTER,2025 oEXT,14.87,2026-08-25
2025,22,0007,15711,1,ROSTER,2022 1.03,8.42,2026-08-25
2025,22,0007,15329,5,ROSTER,2024 iEXT,8.54,2026-08-25
2025,22,0007,16161,2,ROSTER,2023 1.02,8.38,2026-08-25
2025,22,0007,16230,2,ROSTER,2023 3.02,1.45,2026-08-25
2025,22,0007,14472,1,ROSTER,2024 R/F,1.1,2026-08-25
2025,22,0007,16614,3,ROSTER,2024 1.01,8.79,2026-08-25
2025,22,0007,16692,3,ROSTER,2024 3.01,1.4,2026-08-25
2025,22,0007,16303,1,ROSTER,2025 oEXT,3.2,2026-08-25
2025,22,0007,16080,3,ROSTER,2025 oEXT,5.42,2026-08-25
2025,22,0007,16432,1,ROSTER,2025 ERFA,1.1,2026-08-25
2025,22,0007,12217,1,ROSTER,2025 ERFA,1.1,2026-08-25
2025,22,0007,15869,1,ROSTER,2025 ERFA,1.09,2026-08-25
2025,22,0007,17137,4,ROSTER,2025 2.08,1.74,2026-08-25
2025,22,0007,17135,4,ROSTER,2025 3.07,1.26,2026-08-25
2025,22,0007,17099,4,ROSTER,2025 5.10,0.95,2026-08-25
2025,22,0007,17181,3,ROSTER,2025 UDFA,0.9,2026-08-25
2025,22,0007,12860,1,ROSTER,2025 UFA,1.8,2026-08-25
2025,22,0007,13635,2,ROSTER,2025 UFA,20.24,2026-08-25
2025,22,0007,15361,1,ROSTER,2025 UFA,3.0,2026-08-25
2025,22,0007,12741,2,ROSTER,2025 UFA,5.13,2026-08-25
2025,22,0007,15355,2,ROSTER,2025 UFA,6.75,2026-08-25
2025,22,0007,15445,1,ROSTER,2025 UFA,4.0,2026-08-25
2025,22,0007,16729,2,ROSTER,2025 UFA,3.04,2026-08-25
2025,22,0007,10703,1,ROSTER,2025 UFA,10.1,2026-08-25
2025,22,0007,15349,2,ROSTER,2025 UFA,8.55,2026-08-25
2025,22,0007,16719,3,ROSTER,2025 UFA,4.59,2026-08-25
2025,22,0007,15288,1,ROSTER,2025 UFA,2.0,2026-08-25
2025,22,0007,12782,1,ROSTER,2025 UFA,2.1,2026-08-25
2025,22,0007,14168,1,ROSTER,2025 UFA,2.6,2026-08-25
2025,22,0007,14207,1,ROSTER,2025 UFA,1.9,2026-08-25
2025,22,0007,16294,1,ROSTER,2025 UFA,6.6,2026-08-25
2025,22,0007,15884,1,ROSTER,2025 UFA,1.8,2026-08-25
2025,22,0007,15402,1,ROSTER,2025 UFA,1.0,2026-08-25
2025,22,0007,12616,1,ROSTER,2025 UFA,1.0,2026-08-25
2025,22,0007,16010,1,ROSTER,2025 UFA,1.0,2026-08-25
2025,22,0007,10313,1,ROSTER,2025 UFA,2.1,2026-08-25
2025,22,0007,13354,1,ROSTER,2025 UFA,1.0,2026-08-25
2025,22,0007,16682,1,ROSTER,2025 UFA,1.0,2026-08-25
2025,22,0007,15396,1,ROSTER,2024 oEXT,2.05,2026-08-25
2025,22,0007,17361,1,ROSTER,2025 UFA,1.0,2026-08-25
2025,22,0007,15391,2,ROSTER,2024 UFA,4.55,2026-08-25
2025,22,0007,17214,1,ROSTER,2025 UFA,1.0,2026-08-25
2025,22,0007,17269,1,ROSTER,2025 UFA,1.0,2026-08-25
2025,22,0007,17209,1,ROSTER,2025 UFA,2.1,2026-08-25
2025,22,0007,17267,3,INJURED_RESERVE,2025 UDFA,0.9,2026-08-25
2025,22,0007,15385,3,INJURED_RESERVE,2025 oEXT,2.2,2026-08-25
2025,22,0007,14056,3,INJURED_RESERVE,2025 oEXT,22.18,2026-08-25
2025,22,0007,17098,4,INJURED_RESERVE,2025 4.10,1.01,2026-08-25
2025,22,0007,16316,1,INJURED_RESERVE,2025 UFA,1.0,2026-08-25
2025,22,0007,16244,2,INJURED_RESERVE,2023 4.02,1.18,2026-08-25
2025,22,0007,17185,3,INJURED_RESERVE,2025 UDFA,0.9,2026-08-25
2025,22,0007,17159,4,INJURED_RESERVE,2025 4.03,1.05,2026-08-25
2025,22,0008,15346,2,ROSTER,2024 iEXT,11.52,2026-08-25
2025,22,0008,15817,4,ROSTER,2025 iEXT,13.96,2026-08-25
2025,22,0008,16187,2,ROSTER,2023 2.08,1.8,2026-08-25
2025,22,0008,16414,6,ROSTER,2025 iEXT,2.86,2026-08-25
2025,22,0008,15860,1,ROSTER,2022 4.14,1.18,2026-08-25
2025,22,0008,16689,3,ROSTER,2024 2.06,1.8,2026-08-25
2025,22,0008,15350,4,ROSTER,2024 iEXT,9.02,2026-08-25
2025,22,0008,14909,3,ROSTER,2024 UFA,14.03,2026-08-25
2025,22,0008,13592,3,ROSTER,2025 iEXT,22.71,2026-08-25
2025,22,0008,16675,3,ROSTER,2024 3.17,1.13,2026-08-25
2025,22,0008,15861,3,ROSTER,2024 iEXT,5.39,2026-08-25
2025,22,0008,16383,1,ROSTER,2023 UDFA,0.98,2026-08-25
2025,22,0008,16679,3,ROSTER,2024 3.08,1.25,2026-08-25
2025,22,0008,10292,2,ROSTER,2025 R/F,1.0,2026-08-25
2025,22,0008,15081,4,ROSTER,2025 iEXT,5.12,2026-08-25
2025,22,0008,15256,1,ROSTER,2025 UFA,5.5,2026-08-25
2025,22,0008,13470,1,ROSTER,2025 UFA,4.3,2026-08-25
2025,22,0008,14137,1,ROSTER,2025 UFA,2.0,2026-08-25
2025,22,0008,16013,2,ROSTER,2025 R/F,1.0,2026-08-25
2025,22,0008,16369,2,ROSTER,2025 R/F,1.0,2026-08-25
2025,22,0008,13810,1,ROSTER,2025 UFA,1.0,2026-08-25
2025,22,0008,14235,1,ROSTER,2025 UFA,1.8,2026-08-25
2025,22,0008,15255,1,ROSTER,2025 UFA,2.0,2026-08-25
2025,22,0008,15786,1,ROSTER,2025 UFA,1.0,2026-08-25
2025,22,0008,13447,1,ROSTER,2025 UFA,1.8,2026-08-25
2025,22,0008,13813,1,ROSTER,2023 SRFA,14.52,2026-08-25
2025,22,0008,16452,1,ROSTER,2025 UFA,1.0,2026-08-25
2025,22,0008,13289,1,ROSTER,2025 UFA,1.9,2026-08-25
2025,22,0008,16207,1,ROSTER,2025 UFA,1.0,2026-08-25
2025,22,0008,17046,4,ROSTER,2025 4.08,1.02,2026-08-25
2025,22,0008,15694,1,ROSTER,2025 UFA,1.0,2026-08-25
2025,22,0008,17348,1,ROSTER,2025 UFA,1.0,2026-08-25
2025,22,0008,17295,1,ROSTER,2025 UFA,1.0,2026-08-25
2025,22,0008,17312,1,ROSTER,2025 UFA,1.0,2026-08-25
2025,22,0008,17368,1,ROSTER,2025 UFA,1.0,2026-08-25
2025,22,0008,16236,1,ROSTER,2025 UFA,1.0,2026-08-25
2025,22,0008,16702,1,ROSTER,2025 UFA,1.0,2026-08-25
2025,22,0008,16707,1,ROSTER,2025 UFA,1.0,2026-08-25
2025,22,0008,16786,1,ROSTER,2025 UFA,1.0,2026-08-25
2025,22,0008,17239,1,ROSTER,2025 UFA,1.0,2026-08-25
2025,22,0008,17277,1,ROSTER,2025 UFA,1.0,2026-08-25
2025,22,0008,16727,1,ROSTER,2025 UFA,1.0,2026-08-25
2025,22,0008,16204,2,INJURED_RESERVE,2023 3.15,1.23,2026-08-25
2025,22,0008,17231,3,INJURED_RESERVE,2025 UDFA,0.9,2026-08-25
2025,22,0008,17151,4,INJURED_RESERVE,2025 5.01,0.97,2026-08-25
2025,22,0008,13806,3,INJURED_RESERVE,2025 RRFA,7.0,2026-08-25
2025,22,0008,16214,2,INJURED_RESERVE,2023 1.13,2.82,2026-08-25
2025,22,0008,14059,1,INJURED_RESERVE,2025 UFA,6.0,2026-08-25
2025,22,0008,16957,1,INJURED_RESERVE,2025 UFA,1.0,2026-08-25
2025,22,0008,16671,3,INJURED_RESERVE,2024 4.10,1.03,2026-08-25
2025,22,0009,13189,2,ROSTER,2024 oEXT,10.45,2026-08-25
2025,22,0009,15238,5,ROSTER,2024 iEXT,9.74,2026-08-25
2025,22,0009,16221,5,ROSTER,2024 iEXT,3.73,2026-08-25
2025,22,0009,14162,1,ROSTER,2022 iEXT,16.34,2026-08-25
2025,22,0009,15721,2,ROSTER,2025 ORFA3,3.41,2026-08-25
2025,22,0009,16582,3,ROSTER,2024 2.12,1.54,2026-08-25
2025,22,0009,17083,4,ROSTER,2025 1.12,2.9,2026-08-25
2025,22,0009,17122,4,ROSTER,2025 2.12,1.56,2026-08-25
2025,22,0009,17120,4,ROSTER,2025 2.16,1.43,2026-08-25
2025,22,0009,17080,4,ROSTER,2025 3.04,1.33,2026-08-25
2025,22,0009,17157,4,ROSTER,2025 3.10,1.21,2026-08-25
2025,22,0009,17060,4,ROSTER,2025 4.17,0.98,2026-08-25
2025,22,0009,16703,2,ROSTER,2024 UDFA,0.94,2026-08-25
2025,22,0009,17155,4,ROSTER,2025 5.21,0.94,2026-08-25
2025,22,0009,15779,5,ROSTER,2024 iEXT,4.82,2026-08-25
2025,22,0009,17082,4,ROSTER,2025 3.21,1.08,2026-08-25
2025,22,0009,14105,1,ROSTER,2023 UFA,11.98,2026-08-25
2025,22,0009,16927,1,ROSTER,2025 UFA,1.0,2026-08-25
2025,22,0009,14210,1,ROSTER,2025 UFA,6.6,2026-08-25
2025,22,0009,16799,1,ROSTER,2025 UFA,1.8,2026-08-25
2025,22,0009,17171,1,ROSTER,2025 UFA,1.0,2026-08-25
2025,22,0009,16240,1,ROSTER,2025 UFA,1.0,2026-08-25
2025,22,0009,16693,3,ROSTER,2024 3.19,1.12,2026-08-25
2025,22,0009,16584,3,ROSTER,2024 1.06,4.43,2026-08-25
2025,22,0009,14247,2,ROSTER,2025 UFA,5.51,2026-08-25
2025,22,0009,14982,1,ROSTER,2025 UFA,1.9,2026-08-25
2025,22,0009,13208,1,ROSTER,2025 UFA,12.6,2026-08-25
2025,22,0009,16018,1,ROSTER,2025 UFA,1.0,2026-08-25
2025,22,0009,15261,1,ROSTER,2025 oEXT,8.68,2026-08-25
2025,22,0009,12437,1,ROSTER,2025 UFA,1.0,2026-08-25
2025,22,0009,15259,1,ROSTER,2025 UFA,1.9,2026-08-25
2025,22,0009,12323,1,ROSTER,2025 UFA,1.0,2026-08-25
2025,22,0009,16152,2,ROSTER,2023 1.01,9.94,2026-08-25
2025,22,0009,16596,3,ROSTER,2024 3.16,1.14,2026-08-25
2025,22,0009,17165,1,ROSTER,2025 UFA,1.0,2026-08-25
2025,22,0009,16788,1,ROSTER,2025 UFA,1.8,2026-08-25
2025,22,0009,17063,4,ROSTER,2025 4.18,0.97,2026-08-25
2025,22,0009,12801,1,ROSTER,2025 UFA,5.0,2026-08-25
2025,22,0009,16635,5,ROSTER,2025 iEXT,3.72,2026-08-25
2025,22,0009,17108,4,ROSTER,2025 3.08,1.25,2026-08-25
2025,22,0010,13589,2,ROSTER,2021 EXT,24.76,2026-08-25
2025,22,0010,14907,2,ROSTER,2024 iEXT,2.71,2026-08-25
2025,22,0010,15822,1,ROSTER,2022 1.14,3.05,2026-08-25
2025,22,0010,15768,1,ROSTER,2022 2.01,2.63,2026-08-25
2025,22,0010,15815,1,ROSTER,2022 2.04^,5.35,2026-08-25
2025,22,0010,16263,2,ROSTER,2023 2.11,1.67,2026-08-25
2025,22,0010,16185,2,ROSTER,2023 1.06,4.95,2026-08-25
2025,22,0010,16620,3,ROSTER,2024 1.05,4.94,2026-08-25
2025,22,0010,16639,3,ROSTER,2024 2.02,2.07,2026-08-25
2025,22,0010,16626,3,ROSTER,2024 2.04,1.91,2026-08-25
2025,22,0010,14927,1,ROSTER,2024 UFA,2.09,2026-08-25
2025,22,0010,13198,2,ROSTER,2024 UFA,17.82,2026-08-25
2025,22,0010,12739,2,ROSTER,2024 UFA,4.75,2026-08-25
2025,22,0010,14073,1,ROSTER,2024 UFA,18.81,2026-08-25
2025,22,0010,16619,3,ROSTER,2024 3.02,1.38,2026-08-25
2025,22,0010,15352,2,ROSTER,2025 oEXT,2.64,2026-08-25
2025,22,0010,15798,5,ROSTER,2024 iEXT,3.87,2026-08-25
2025,22,0010,16344,2,ROSTER,2025 oEXT,1.85,2026-08-25
2025,22,0010,16178,2,ROSTER,2024 RRFA,5.5,2026-08-25
2025,22,0010,16870,3,ROSTER,2025 oEXT,1.87,2026-08-25
2025,22,0010,12676,1,ROSTER,2025 oEXT,6.35,2026-08-25
2025,22,0010,14136,2,ROSTER,2025 ORFA2,14.08,2026-08-25
2025,22,0010,15749,2,ROSTER,2025 SRFA,5.35,2026-08-25
2025,22,0010,17051,4,ROSTER,2025 1.07,4.32,2026-08-25
2025,22,0010,17075,4,ROSTER,2025 1.13,2.72,2026-08-25
2025,22,0010,17103,4,ROSTER,2025 3.02,1.37,2026-08-25
2025,22,0010,12221,2,ROSTER,2025 UFA,9.5,2026-08-25
2025,22,0010,14224,2,ROSTER,2025 UFA,7.22,2026-08-25
2025,22,0010,8851,2,ROSTER,2025 R/F,1.0,2026-08-25
2025,22,0010,17172,3,ROSTER,2025 UDFA,0.9,2026-08-25
2025,22,0010,16684,3,ROSTER,2024 5.04,0.99,2026-08-25
2025,22,0010,17174,1,ROSTER,2025 UFA,1.0,2026-08-25
2025,22,0010,16725,2,ROSTER,2024 UDFA,0.94,2026-08-25
2025,22,0010,15051,1,ROSTER,2025 UFA,1.0,2026-08-25
2025,22,0010,14221,2,ROSTER,2025 UFA,5.23,2026-08-25
2025,22,0010,13710,1,ROSTER,2025 UFA,1.8,2026-08-25
2025,22,0010,13226,1,ROSTER,2025 UFA,1.0,2026-08-25
2025,22,0010,9051,1,ROSTER,2025 RRFA,7.0,2026-08-25
2025,22,0010,15076,1,ROSTER,2025 UFA,1.0,2026-08-25
2025,22,0010,16253,1,ROSTER,2025 UFA,3.5,2026-08-25
2025,22,0010,11872,1,ROSTER,2025 UFA,1.0,2026-08-25
2025,22,0010,12698,2,ROSTER,2025 R/F,1.0,2026-08-25
2025,22,0010,16717,1,ROSTER,2025 UFA,1.0,2026-08-25
2025,22,0010,16640,3,INJURED_RESERVE,2024 5.10,0.98,2026-08-25
2025,22,0010,17166,3,INJURED_RESERVE,2025 UDFA,0.9,2026-08-25
2025,22,0010,14158,3,INJURED_RESERVE,2025 UFA,6.48,2026-08-25
2025,22,0010,12754,1,INJURED_RESERVE,2025 UFA,1.8,2026-08-25
2025,22,0011,14835,3,ROSTER,2023 iEXT,17.35,2026-08-25
2025,22,0011,13772,2,ROSTER,2024 iEXT,7.44,2026-08-25
2025,22,0011,15404,3,ROSTER,2023 iEXT,3.41,2026-08-25
2025,22,0011,16169,2,ROSTER,2023 2.01,2.31,2026-08-25
2025,22,0011,16266,5,ROSTER,2025 iEXT,3.19,2026-08-25
2025,22,0011,15001,3,ROSTER,2024 oEXT,2.62,2026-08-25
2025,22,0011,15751,5,ROSTER,2025 iEXT,17.41,2026-08-25
2025,22,0011,15393,3,ROSTER,2024 oEXT,2.0,2026-08-25
2025,22,0011,16580,3,ROSTER,2024 1.08,3.67,2026-08-25
2025,22,0011,16616,3,ROSTER,2024 1.04,5.58,2026-08-25
2025,22,0011,14138,1,ROSTER,2022 iEXT,13.6,2026-08-25
2025,22,0011,14148,4,ROSTER,2025 oEXT,7.67,2026-08-25
2025,22,0011,14157,3,ROSTER,2023 UFA,12.78,2026-08-25
2025,22,0011,14867,2,ROSTER,2025 B/R,5.23,2026-08-25
2025,22,0011,17048,4,ROSTER,2025 1.11,3.1,2026-08-25
2025,22,0011,17032,4,ROSTER,2025 2.02,2.14,2026-08-25
2025,22,0011,17053,3,ROSTER,2025 3.20,1.09,2026-08-25
2025,22,0011,17035,3,ROSTER,2025 UDFA,0.9,2026-08-25
2025,22,0011,15253,2,ROSTER,2025 UFA,6.65,2026-08-25
2025,22,0011,15357,2,ROSTER,2025 UFA,12.45,2026-08-25
2025,22,0011,13690,3,ROSTER,2025 iEXT,3.98,2026-08-25
2025,22,0011,14842,3,ROSTER,2023 iEXT,7.62,2026-08-25
2025,22,0011,16723,1,ROSTER,2025 UFA,1.9,2026-08-25
2025,22,0011,17124,3,ROSTER,2025 UDFA,0.9,2026-08-25
2025,22,0011,11985,1,ROSTER,2025 UFA,1.8,2026-08-25
2025,22,0011,14877,1,ROSTER,2025 UFA,1.9,2026-08-25
2025,22,0011,17222,3,ROSTER,2025 UDFA,0.9,2026-08-25
2025,22,0011,16460,2,ROSTER,2025 R/F,1.0,2026-08-25
2025,22,0011,16174,1,ROSTER,2025 UFA,1.0,2026-08-25
2025,22,0011,16269,4,ROSTER,2025 iEXT,4.18,2026-08-25
2025,22,0011,16843,1,ROSTER,2025 UFA,1.0,2026-08-25
2025,22,0011,17044,4,ROSTER,2025 1.02,8.23,2026-08-25
2025,22,0011,17142,1,ROSTER,2025 UFA,1.0,2026-08-25
2025,22,0011,17149,1,ROSTER,2025 UFA,1.8,2026-08-25
2025,22,0011,17156,1,ROSTER,2025 UFA,1.0,2026-08-25
2025,22,0011,16773,1,ROSTER,2025 UFA,1.0,2026-08-25
2025,22,0011,14899,1,ROSTER,2024 R/F,1.1,2026-08-25
2025,22,0011,15089,1,ROSTER,2025 UFA,1.0,2026-08-25
2025,22,0011,17114,3,ROSTER,2025 3.15,1.14,2026-08-25
2025,22,0011,17061,1,ROSTER,2025 UFA,1.2,2026-08-25
2025,22,0011,17187,1,ROSTER,2025 UFA,1.0,2026-08-25
2025,22,0011,16601,2,ROSTER,2024 5.08,0.99,2026-08-25
2025,22,0011,15802,1,ROSTER,2025 UFA,1.8,2026-08-25
2025,22,0011,15872,1,ROSTER,2025 ERFA,1.1,2026-08-25
2025,22,0011,17154,1,ROSTER,2025 UFA,1.0,2026-08-25
2025,22,0011,16645,3,INJURED_RESERVE,2024 5.20,0.98,2026-08-25
2025,22,0011,13146,1,INJURED_RESERVE,2025 UFA,3.6,2026-08-25
2025,22,0011,17150,1,INJURED_RESERVE,2025 UFA,1.1,2026-08-25
2025,22,0011,16583,3,INJURED_RESERVE,2024 1.13,2.6,2026-08-25
2025,22,0011,13284,3,INJURED_RESERVE,2024 oEXT,5.45,2026-08-25
2025,22,0011,17173,3,INJURED_RESERVE,2025 UDFA,0.9,2026-08-25
2025,22,0011,17191,1,INJURED_RESERVE,2025 UFA,1.0,2026-08-25
2025,22,0011,17221,1,INJURED_RESERVE,2025 UFA,1.0,2026-08-25
2025,22,0011,15364,1,INJURED_RESERVE,2025 UFA,1.0,2026-08-25
2025,22,0011,14102,2,TAXI_SQUAD,2022 iEXT,12.11,2026-08-25
2025,22,0011,16235,5,TAXI_SQUAD,2025 iEXT,2.83,2026-08-25
2025,22,0012,13593,1,ROSTER,2021 EXT,22.74,2026-08-25
2025,22,0012,14167,2,ROSTER,2022 iEXT,14.95,2026-08-25
2025,22,0012,15692,1,ROSTER,2022 1.05,6.45,2026-08-25
2025,22,0012,13693,1,ROSTER,2022 UFA,3.19,2026-08-25
2025,22,0012,15717,1,ROSTER,2022 2.06,2.16,2026-08-25
2025,22,0012,14164,2,ROSTER,2023 oEXT,3.38,2026-08-25
2025,22,0012,16245,2,ROSTER,2023 3.14,1.24,2026-08-25
2025,22,0012,16653,3,ROSTER,2024 2.03,1.99,2026-08-25
2025,22,0012,16700,3,ROSTER,2024 3.12,1.2,2026-08-25
2025,22,0012,11232,1,ROSTER,2024 UFA,16.72,2026-08-25
2025,22,0012,15863,1,ROSTER,2022 5.21,1.09,2026-08-25
2025,22,0012,16708,3,ROSTER,2024 4.14,1.02,2026-08-25
2025,22,0012,16676,3,ROSTER,2024 4.17,1.01,2026-08-25
2025,22,0012,16211,2,ROSTER,2023 3.10,1.3,2026-08-25
2025,22,0012,16667,2,ROSTER,2024 4.03,1.08,2026-08-25
2025,22,0012,15839,1,ROSTER,2024 R/F,1.1,2026-08-25
2025,22,0012,15895,1,ROSTER,2023 iEXT,1.81,2026-08-25
2025,22,0012,13704,2,ROSTER,2024 UFA,3.76,2026-08-25
2025,22,0012,13163,1,ROSTER,2023 B/R,26.62,2026-08-25
2025,22,0012,13987,1,ROSTER,2025 ERFA,1.09,2026-08-25
2025,22,0012,17068,4,ROSTER,2025 1.15,2.45,2026-08-25
2025,22,0012,17069,4,ROSTER,2025 3.03,1.35,2026-08-25
2025,22,0012,13132,2,ROSTER,2025 UFA,15.2,2026-08-25
2025,22,0012,15972,2,ROSTER,2025 UFA,7.6,2026-08-25
2025,22,0012,16278,1,ROSTER,2023 UDFA,0.98,2026-08-25
2025,22,0012,16314,1,ROSTER,2023 UDFA,0.98,2026-08-25
2025,22,0012,13138,2,ROSTER,2025 R/F,1.0,2026-08-25
2025,22,0012,17049,4,ROSTER,2025 5.15,0.94,2026-08-25
2025,22,0012,16887,1,ROSTER,2025 UFA,1.0,2026-08-25
2025,22,0012,14252,1,ROSTER,2025 R/F,1.0,2026-08-25
2025,22,0012,17058,4,ROSTER,2025 5.13,0.94,2026-08-25
2025,22,0012,17105,3,ROSTER,2025 UDFA,0.9,2026-08-25
2025,22,0012,15787,1,ROSTER,2025 UFA,1.0,2026-08-25
2025,22,0012,14358,1,ROSTER,2025 UFA,10.0,2026-08-25
2025,22,0012,16186,2,ROSTER,2023 1.08,4.07,2026-08-25
2025,22,0012,14122,1,ROSTER,2025 UFA,5.9,2026-08-25
2025,22,0012,16752,1,ROSTER,2025 UFA,1.1,2026-08-25
2025,22,0012,14789,1,ROSTER,2025 UFA,1.0,2026-08-25
2025,22,0012,13319,1,ROSTER,2025 B/R,10.5,2026-08-25
2025,22,0012,16166,1,ROSTER,2025 UFA,1.0,2026-08-25
2025,22,0012,16846,1,ROSTER,2025 UFA,1.0,2026-08-25
2025,22,0012,14849,1,ROSTER,2025 UFA,1.0,2026-08-25
2025,22,0012,15759,1,ROSTER,2025 UFA,1.0,2026-08-25
2025,22,0012,12263,1,ROSTER,2025 UFA,1.9,2026-08-25
2025,22,0012,15622,1,ROSTER,2025 UFA,1.0,2026-08-25
2025,22,0012,16257,2,INJURED_RESERVE,2023 3.03,1.43,2026-08-25
2025,22,0012,16615,3,INJURED_RESERVE,2024 1.03,6.38,2026-08-25
2025,22,0012,13743,1,INJURED_RESERVE,2021 EXT,7.41,2026-08-25
2025,22,0012,14108,1,INJURED_RESERVE,2025 UFA,1.0,2026-08-25
2025,22,0013,15237,4,ROSTER,2024 iEXT,17.13,2026-08-25
2025,22,0013,15834,4,ROSTER,2025 iEXT,7.68,2026-08-25
2025,22,0013,15788,1,ROSTER,2022 3.02,1.59,2026-08-25
2025,22,0013,15293,4,ROSTER,2024 iEXT,4.55,2026-08-25
2025,22,0013,16162,2,ROSTER,2023 1.03,7.21,2026-08-25
2025,22,0013,16239,2,ROSTER,2023 1.14,2.66,2026-08-25
2025,22,0013,16256,2,ROSTER,2023 3.01,1.47,2026-08-25
2025,22,0013,16234,2,ROSTER,2023 3.12,1.28,2026-08-25
2025,22,0013,10768,1,ROSTER,2024 SRFA,5.38,2026-08-25
2025,22,0013,14879,3,ROSTER,2024 ORFA4,3.43,2026-08-25
2025,22,0013,13700,2,ROSTER,2024 B/R,9.9,2026-08-25
2025,22,0013,16617,3,ROSTER,2024 1.11,2.93,2026-08-25
2025,22,0013,16618,3,ROSTER,2024 1.10,3.14,2026-08-25
2025,22,0013,16644,3,ROSTER,2024 2.10,1.62,2026-08-25
2025,22,0013,16698,3,ROSTER,2024 4.07,1.06,2026-08-25
2025,22,0013,15835,1,ROSTER,2022 2.12^,3.41,2026-08-25
2025,22,0013,14974,2,ROSTER,2025 SRFA,8.25,2026-08-25
2025,22,0013,13130,1,ROSTER,2025 B/R,25.0,2026-08-25
2025,22,0013,17030,4,ROSTER,2025 1.05,5.38,2026-08-25
2025,22,0013,17123,4,ROSTER,2025 2.05,1.91,2026-08-25
2025,22,0013,13717,1,ROSTER,2025 UFA,3.0,2026-08-25
2025,22,0013,13192,1,ROSTER,2025 UFA,8.9,2026-08-25
2025,22,0013,13227,1,ROSTER,2025 UFA,1.9,2026-08-25
2025,22,0013,14861,4,ROSTER,2025 iEXT,7.37,2026-08-25
2025,22,0013,16295,1,ROSTER,2025 UFA,1.0,2026-08-25
2025,22,0013,16672,3,ROSTER,2024 5.07,0.99,2026-08-25
2025,22,0013,16268,3,ROSTER,2025 iEXT,3.16,2026-08-25
2025,22,0013,17118,3,ROSTER,2025 UDFA,0.9,2026-08-25
2025,22,0013,17212,4,ROSTER,2025 4.11,1.0,2026-08-25
2025,22,0013,16673,1,ROSTER,2025 UFA,1.8,2026-08-25
2025,22,0013,13199,1,ROSTER,2025 UFA,1.9,2026-08-25
2025,22,0013,16787,1,ROSTER,2025 UFA,2.0,2026-08-25
2025,22,0013,11728,1,ROSTER,2024 iEXT,4.25,2026-08-25
2025,22,0013,13632,1,ROSTER,2025 UFA,1.8,2026-08-25
2025,22,0013,10700,1,ROSTER,2024 UFA,15.68,2026-08-25
2025,22,0013,11721,2,ROSTER,2025 UFA,3.71,2026-08-25
2025,22,0013,16733,1,ROSTER,2025 UFA,1.0,2026-08-25
2025,22,0013,15668,1,ROSTER,2025 UFA,1.0,2026-08-25
2025,22,0013,17229,1,ROSTER,2025 UFA,1.0,2026-08-25
2025,22,0013,13303,1,ROSTER,2025 UFA,1.0,2026-08-25
2025,22,0013,12688,1,ROSTER,2025 NEFT,19.75,2026-08-25
2025,22,0013,17206,3,ROSTER,2025 UDFA,0.9,2026-08-25
2025,22,0013,16665,3,INJURED_RESERVE,2024 2.07,1.75,2026-08-25
2025,22,0013,16254,2,INJURED_RESERVE,2023 2.09,1.75,2026-08-25
2025,22,0013,11768,1,INJURED_RESERVE,2025 UFA,1.0,2026-08-25
2025,22,0013,17179,4,INJURED_RESERVE,2025 5.23,0.93,2026-08-25
2025,22,0013,15713,1,INJURED_RESERVE,2022 4.10,1.19,2026-08-25
2025,22,0013,14882,1,INJURED_RESERVE,2023 UFA,1.81,2026-08-25
2025,22,0013,15831,1,INJURED_RESERVE,2022 4.02,1.24,2026-08-25
2025,22,0014,13604,1,ROSTER,2021 EXT,14.37,2026-08-25
2025,22,0014,15345,3,ROSTER,2024 iEXT,3.71,2026-08-25
2025,22,0014,15712,1,ROSTER,2022 3.09,1.44,2026-08-25
2025,22,0014,15851,1,ROSTER,2022 3.04,1.55,2026-08-25
2025,22,0014,13214,6,ROSTER,2025 iEXT,23.05,2026-08-25
2025,22,0014,15698,1,ROSTER,2024 iEXT,30.55,2026-08-25
2025,22,0014,16148,2,ROSTER,2023 1.05,5.54,2026-08-25
2025,22,0014,16241,2,ROSTER,2023 4.08,1.13,2026-08-25
2025,22,0014,16167,2,ROSTER,2023 2.02,2.21,2026-08-25
2025,22,0014,13251,2,ROSTER,2024 B/R,2.97,2026-08-25
2025,22,0014,16694,3,ROSTER,2024 3.04,1.33,2026-08-25
2025,22,0014,16696,3,ROSTER,2024 2.15,1.44,2026-08-25
2025,22,0014,10816,2,ROSTER,2024 UFA,3.07,2026-08-25
2025,22,0014,16724,3,ROSTER,2024 4.12,1.03,2026-08-25
2025,22,0014,16264,2,ROSTER,2023 5.08,1.06,2026-08-25
2025,22,0014,16622,3,ROSTER,2024 1.15,2.34,2026-08-25
2025,22,0014,12186,2,ROSTER,2024 UFA,22.77,2026-08-25
2025,22,0014,13193,1,ROSTER,2025 ERFA,1.09,2026-08-25
2025,22,0014,15394,1,ROSTER,2025 ERFA,1.09,2026-08-25
2025,22,0014,13298,2,ROSTER,2025 SRFA,5.35,2026-08-25
2025,22,0014,17112,4,ROSTER,2025 1.09,3.61,2026-08-25
2025,22,0014,17106,4,ROSTER,2025 2.13,1.52,2026-08-25
2025,22,0014,17073,4,ROSTER,2025 3.19,1.1,2026-08-25
2025,22,0014,15319,1,ROSTER,2025 UFA,5.5,2026-08-25
2025,22,0014,14182,1,ROSTER,2025 UFA,5.8,2026-08-25
2025,22,0014,13674,1,ROSTER,2025 UFA,8.0,2026-08-25
2025,22,0014,17254,3,ROSTER,2025 UDFA,0.9,2026-08-25
2025,22,0014,17119,4,ROSTER,2025 4.13,0.99,2026-08-25
2025,22,0014,17127,4,ROSTER,2025 5.05,0.96,2026-08-25
2025,22,0014,16267,1,ROSTER,2023 UDFA,0.98,2026-08-25
2025,22,0014,17145,4,ROSTER,2025 5.16,0.94,2026-08-25
2025,22,0014,12764,1,ROSTER,2025 UFA,5.3,2026-08-25
2025,22,0014,15241,1,ROSTER,2025 UFA,1.8,2026-08-25
2025,22,0014,14328,1,ROSTER,2025 UFA,1.0,2026-08-25
2025,22,0014,14302,1,ROSTER,2025 UFA,1.0,2026-08-25
2025,22,0014,14600,1,ROSTER,2025 UFA,1.8,2026-08-25
2025,22,0014,17177,3,ROSTER,2025 UDFA,0.9,2026-08-25
2025,22,0014,15032,1,ROSTER,2025 UFA,1.9,2026-08-25
2025,22,0014,15821,1,ROSTER,2022 2.09^,5.35,2026-08-25
2025,22,0014,16191,2,ROSTER,2023 3.08,1.33,2026-08-25
2025,22,0014,12785,1,ROSTER,2025 UFA,1.0,2026-08-25
2025,22,0014,15950,1,ROSTER,2025 UFA,1.0,2026-08-25
2025,22,0014,16642,3,ROSTER,2024 5.12,0.98,2026-08-25
2025,22,0014,11671,4,ROSTER,2025 iEXT,33.85,2026-08-25
2025,22,0014,17130,3,INJURED_RESERVE,2025 UDFA,0.9,2026-08-25
2025,22,0014,14169,2,INJURED_RESERVE,2025 R/F,1.0,2026-08-25
2025,22,0015,15287,4,ROSTER,2024 iEXT,34.24,2026-08-25
2025,22,0015,15845,2,ROSTER,2024 oEXT,3.19,2026-08-25
2025,22,0015,14908,2,ROSTER,2024 oEXT,4.31,2026-08-25
2025,22,0015,16233,2,ROSTER,2023 1.12,3.0,2026-08-25
2025,22,0015,16280,2,ROSTER,2023 3.13,1.25,2026-08-25
2025,22,0015,11675,1,ROSTER,2023 UFA,27.23,2026-08-25
2025,22,0015,16581,3,ROSTER,2024 1.09,3.38,2026-08-25
2025,22,0015,16690,3,ROSTER,2024 3.21,1.1,2026-08-25
2025,22,0015,12686,1,ROSTER,2024 UFA,5.43,2026-08-25
2025,22,0015,13714,2,ROSTER,2024 B/R,5.15,2026-08-25
2025,22,0015,16215,2,ROSTER,2023 2.10,1.71,2026-08-25
2025,22,0015,15805,5,ROSTER,2025 iEXT,9.8,2026-08-25
2025,22,0015,16629,3,ROSTER,2024 2.09,1.65,2026-08-25
2025,22,0015,15850,1,ROSTER,2022 3.11^,3.41,2026-08-25
2025,22,0015,9064,2,ROSTER,2025 R/F,1.0,2026-08-25
2025,22,0015,15337,1,ROSTER,2025 ERFA,1.1,2026-08-25
2025,22,0015,13696,3,ROSTER,2025 B/R,9.0,2026-08-25
2025,22,0015,17043,4,ROSTER,2025 1.06,4.8,2026-08-25
2025,22,0015,17147,4,ROSTER,2025 2.06,1.85,2026-08-25
2025,22,0015,17132,4,ROSTER,2025 3.06,1.28,2026-08-25
2025,22,0015,12697,2,ROSTER,2025 UFA,7.6,2026-08-25
2025,22,0015,14085,2,ROSTER,2025 UFA,7.41,2026-08-25
2025,22,0015,10775,2,ROSTER,2025 UFA,4.37,2026-08-25
2025,22,0015,11723,1,ROSTER,2025 UFA,5.4,2026-08-25
2025,22,0015,12187,1,ROSTER,2025 UFA,5.0,2026-08-25
2025,22,0015,13933,1,ROSTER,2025 UFA,6.5,2026-08-25
2025,22,0015,12141,1,ROSTER,2025 UFA,1.0,2026-08-25
2025,22,0015,17066,3,ROSTER,2025 UDFA,0.9,2026-08-25
2025,22,0015,16385,1,ROSTER,2025 UFA,2.0,2026-08-25
2025,22,0015,14985,1,ROSTER,2025 UFA,1.0,2026-08-25
2025,22,0015,14592,2,ROSTER,2025 R/F,1.0,2026-08-25
2025,22,0015,13156,1,ROSTER,2025 UFA,1.8,2026-08-25
2025,22,0015,13802,1,ROSTER,2025 UFA,1.0,2026-08-25
2025,22,0015,16224,2,ROSTER,2023 3.11,1.29,2026-08-25
2025,22,0015,16012,2,ROSTER,2025 R/F,1.0,2026-08-25
2025,22,0015,15368,1,ROSTER,2025 UFA,1.0,2026-08-25
2025,22,0015,15789,1,ROSTER,2022 1.10,3.98,2026-08-25
2025,22,0015,17141,4,ROSTER,2025 4.06,1.03,2026-08-25
2025,22,0015,17139,4,ROSTER,2025 4.12,1.0,2026-08-25
2025,22,0015,11244,1,ROSTER,2025 UFA,9.2,2026-08-25
2025,22,0015,14095,1,ROSTER,2025 UFA,1.8,2026-08-25
2025,22,0015,12231,1,ROSTER,2025 UFA,1.0,2026-08-25
2025,22,0015,14777,3,ROSTER,2023 iEXT,24.52,2026-08-25
2025,22,0015,16628,3,ROSTER,2024 3.09,1.24,2026-08-25
2025,22,0015,13759,1,INJURED_RESERVE,2025 UFA,1.8,2026-08-25
2025,22,0015,12678,1,INJURED_RESERVE,2023 UFA,6.53,2026-08-25
2025,22,0015,13172,2,INJURED_RESERVE,2025 R/F,1.0,2026-08-25
2025,22,0016,15889,4,ROSTER,2023 oEXT,4.51,2026-08-25
2025,22,0016,16150,2,ROSTER,2023 1.04,6.27,2026-08-25
2025,22,0016,14303,3,ROSTER,2024 oEXT,3.08,2026-08-25
2025,22,0016,16643,2,ROSTER,2024 3.10,1.22,2026-08-25
2025,22,0016,16195,5,ROSTER,2024 oEXT,3.4,2026-08-25
2025,22,0016,15716,4,ROSTER,2025 SRFA,5.35,2026-08-25
2025,22,0016,14896,2,ROSTER,2024 oEXT,7.93,2026-08-25
2025,22,0016,17042,4,ROSTER,2025 1.01,9.82,2026-08-25
2025,22,0016,17070,4,ROSTER,2025 2.01,2.23,2026-08-25
2025,22,0016,14180,1,ROSTER,2025 ORFA4,3.5,2026-08-25
2025,22,0016,16712,4,ROSTER,2025 UFA,2.55,2026-08-25
2025,22,0016,14217,3,ROSTER,2025 UFA,4.5,2026-08-25
2025,22,0016,16265,2,ROSTER,2023 5.03,1.07,2026-08-25
2025,22,0016,17076,3,ROSTER,2025 UDFA,0.9,2026-08-25
2025,22,0016,17205,3,ROSTER,2025 UDFA,0.9,2026-08-25
2025,22,0016,17175,3,ROSTER,2025 UDFA,0.9,2026-08-25
2025,22,0016,17087,4,ROSTER,2025 5.17,0.94,2026-08-25
2025,22,0016,17192,3,ROSTER,2025 UDFA,0.9,2026-08-25
2025,22,0016,17096,4,ROSTER,2025 4.15,0.98,2026-08-25
2025,22,0016,16681,4,ROSTER,2025 iEXT,1.86,2026-08-25
2025,22,0016,16691,2,ROSTER,2024 3.15,1.16,2026-08-25
2025,22,0016,14954,3,ROSTER,2025 iEXT,3.14,2026-08-25
2025,22,0016,16188,2,ROSTER,2023 1.09,3.73,2026-08-25
2025,22,0016,17163,3,ROSTER,2025 UDFA,0.9,2026-08-25
2025,22,0016,16809,5,ROSTER,2024 iEXT,4.64,2026-08-25
2025,22,0016,17079,5,ROSTER,2025 iEXT,4.11,2026-08-25
2025,22,0016,17204,1,ROSTER,2025 UFA,1.9,2026-08-25
2025,22,0016,15484,4,ROSTER,2025 iEXT,6.31,2026-08-25
2025,22,0016,17160,1,ROSTER,2025 UFA,1.8,2026-08-25
2025,22,0016,16794,1,ROSTER,2025 UFA,1.0,2026-08-25
2025,22,0016,16274,2,ROSTER,2025 R/F,1.0,2026-08-25
2025,22,0016,16164,1,ROSTER,2025 UFA,1.8,2026-08-25
2025,22,0016,17136,4,ROSTER,2025 3.01,1.4,2026-08-25
2025,22,0016,16228,2,ROSTER,2023 3.04,1.41,2026-08-25
2025,22,0016,16657,1,ROSTER,2025 UFA,1.9,2026-08-25
2025,22,0016,17339,1,ROSTER,2025 UFA,1.8,2026-08-25
2025,22,0016,16722,1,ROSTER,2025 UFA,1.9,2026-08-25
2025,22,0016,15752,1,ROSTER,2025 UFA,1.0,2026-08-25
2025,22,0016,17202,1,ROSTER,2025 UFA,1.0,2026-08-25
2025,22,0016,14104,2,ROSTER,2024 oEXT,33.28,2026-08-25
2025,22,0016,16298,1,ROSTER,2025 UFA,1.0,2026-08-25
2025,22,0016,17303,1,ROSTER,2025 UFA,1.0,2026-08-25
2025,22,0016,14888,1,ROSTER,2025 UFA,1.2,2026-08-25
2025,22,0016,14778,5,ROSTER,2025 B/R,13.6,2026-08-25
2025,22,0016,15351,4,INJURED_RESERVE,2025 B/R,5.95,2026-08-25
2025,22,0016,16711,2,INJURED_RESERVE,2025 R/F,1.0,2026-08-25
2025,22,0016,16222,2,INJURED_RESERVE,2023 4.04,1.17,2026-08-25
2025,22,0016,14800,2,INJURED_RESERVE,2025 SRFA,6.77,2026-08-25
2025,22,0016,14995,1,INJURED_RESERVE,2023 iEXT,7.18,2026-08-25
2025,22,0016,13325,1,INJURED_RESERVE,2025 ERFA,1.1,2026-08-25
2025,22,0017,15822,1,ROSTER,2022 1.14,3.05,2026-08-25
2025,22,0017,16162,2,ROSTER,2023 1.04,6.27,2026-08-25
2025,22,0017,16256,2,ROSTER,2023 2.04,2.05,2026-08-25
2025,22,0017,16265,2,ROSTER,2023 5.13,1.06,2026-08-25
2025,22,0017,16223,2,ROSTER,2023 1.08,4.07,2026-08-25
2025,22,0017,14109,3,ROSTER,2024 B/R,9.35,2026-08-25
2025,22,0017,16641,3,ROSTER,2024 1.03,6.38,2026-08-25
2025,22,0017,16614,3,ROSTER,2024 1.04,5.58,2026-08-25
2025,22,0017,16651,3,ROSTER,2024 2.01,2.15,2026-08-25
2025,22,0017,16692,3,ROSTER,2024 3.03,1.35,2026-08-25
2025,22,0017,16677,3,ROSTER,2024 3.05,1.31,2026-08-25
2025,22,0017,15484,3,ROSTER,2024 UFA,8.42,2026-08-25
2025,22,0017,16148,2,ROSTER,2023 1.03,7.21,2026-08-25
2025,22,0017,16681,2,ROSTER,2024 UDFA,0.94,2026-08-25
2025,22,0017,17042,4,ROSTER,2025 1.01,9.82,2026-08-25
2025,22,0017,17081,4,ROSTER,2025 1.12,2.9,2026-08-25
2025,22,0017,17126,4,ROSTER,2025 3.12,1.18,2026-08-25
2025,22,0017,17055,4,ROSTER,2025 4.04,1.03,2026-08-25
2025,22,0017,16667,3,ROSTER,2024 4.09,1.06,2026-08-25
2025,22,0017,15380,1,ROSTER,2025 UFA,2.5,2026-08-25
2025,22,0017,16702,2,ROSTER,2025 UFA,4.37,2026-08-25
2025,22,0017,17129,3,ROSTER,2025 UDFA,0.9,2026-08-25
2025,22,0017,15839,3,ROSTER,2025 iEXT,6.05,2026-08-25
2025,22,0017,16165,2,ROSTER,2023 3.08,1.33,2026-08-25
2025,22,0017,15405,1,ROSTER,2025 UFA,1.9,2026-08-25
2025,22,0017,17079,1,ROSTER,2025 UFA,1.0,2026-08-25
2025,22,0017,16192,1,ROSTER,2025 UFA,1.1,2026-08-25
2025,22,0017,15779,4,ROSTER,2025 iEXT,5.61,2026-08-25
2025,22,0017,15252,1,ROSTER,2025 UFA,1.0,2026-08-25
2025,22,0017,13839,1,ROSTER,2024 iEXT,14.75,2026-08-25
2025,22,0017,17139,4,ROSTER,2025 5.09,0.94,2026-08-25
2025,22,0017,16225,2,ROSTER,2025 R/F,1.0,2026-08-25
2025,22,0017,12323,1,ROSTER,2025 UFA,1.0,2026-08-25
2025,22,0017,15396,1,ROSTER,2025 UFA,1.8,2026-08-25
2025,22,0017,14777,4,ROSTER,2023 iEXT,24.79,2026-08-25
2025,22,0017,12140,1,ROSTER,2025 UFA,1.8,2026-08-25
2025,22,0017,17116,1,ROSTER,2025 UFA,1.6,2026-08-25
2025,22,0017,15875,1,ROSTER,2025 UFA,1.0,2026-08-25
2025,22,0017,11671,1,ROSTER,2023 UFA,16.34,2026-08-25
2025,22,0017,16799,1,ROSTER,2025 UFA,2.0,2026-08-25
2025,22,0017,15702,1,ROSTER,2025 UFA,1.0,2026-08-25
2025,22,0017,17187,1,ROSTER,2025 UFA,1.0,2026-08-25
2025,22,0017,14518,1,ROSTER,2025 UFA,1.1,2026-08-25
2025,22,0017,15797,1,ROSTER,2025 UFA,1.0,2026-08-25
2025,22,0017,17249,3,INJURED_RESERVE,2025 UDFA,0.9,2026-08-25
2025,22,0017,16615,3,INJURED_RESERVE,2024 1.02,7.41,2026-08-25
2025,22,0017,16671,3,INJURED_RESERVE,2024 4.07,1.07,2026-08-25
2025,22,0017,13920,2,INJURED_RESERVE,2025 UFA,1.9,2026-08-25
2025,22,0017,17108,4,INJURED_RESERVE,2025 3.09,1.23,2026-08-25
2025,22,0017,16788,1,INJURED_RESERVE,2025 UFA,1.0,2026-08-25
2025,22,0017,15806,5,INJURED_RESERVE,2025 iEXT,5.01,2026-08-25
2025,22,0017,15831,1,INJURED_RESERVE,2025 UFA,1.0,2026-08-25
2025,22,0018,15287,4,ROSTER,2024 iEXT,33.68,2026-08-25
2025,22,0018,15815,1,ROSTER,2022 1.16,2.76,2026-08-25
2025,22,0018,13837,2,ROSTER,2024 iEXT,8.55,2026-08-25
2025,22,0018,15708,1,ROSTER,2026 5YO,15.12,2026-08-25
2025,22,0018,16188,2,ROSTER,2023 1.07,4.47,2026-08-25
2025,22,0018,16190,2,ROSTER,2023 1.11,3.21,2026-08-25
2025,22,0018,14630,2,ROSTER,2024 iEXT,3.63,2026-08-25
2025,22,0018,13214,3,ROSTER,2024 B/R,20.57,2026-08-25
2025,22,0018,16580,3,ROSTER,2024 1.11,2.93,2026-08-25
2025,22,0018,16689,3,ROSTER,2024 2.11,1.57,2026-08-25
2025,22,0018,14224,2,ROSTER,2024 UFA,6.14,2026-08-25
2025,22,0018,15394,3,ROSTER,2024 iEXT,5.84,2026-08-25
2025,22,0018,14995,2,ROSTER,2025 SRFA,5.35,2026-08-25
2025,22,0018,15904,3,ROSTER,2025 SRFA,5.35,2026-08-25
2025,22,0018,14928,2,ROSTER,2025 B/R,5.42,2026-08-25
2025,22,0018,17132,4,ROSTER,2025 2.12,1.56,2026-08-25
2025,22,0018,14717,3,ROSTER,2025 iEXT,1.92,2026-08-25
2025,22,0018,17102,4,ROSTER,2025 1.11,3.1,2026-08-25
2025,22,0018,17118,4,ROSTER,2025 3.17,1.12,2026-08-25
2025,22,0018,17125,4,ROSTER,2025 3.11,1.2,2026-08-25
2025,22,0018,16279,1,ROSTER,2025 ERFA,1.1,2026-08-25
2025,22,0018,13192,1,ROSTER,2025 UFA,6.0,2026-08-25
2025,22,0018,11769,2,ROSTER,2025 UFA,3.04,2026-08-25
2025,22,0018,9431,2,ROSTER,2025 UFA,9.69,2026-08-25
2025,22,0018,15445,3,ROSTER,2025 UFA,2.07,2026-08-25
2025,22,0018,13742,2,ROSTER,2025 UFA,2.95,2026-08-25
2025,22,0018,13164,2,ROSTER,2025 UFA,3.8,2026-08-25
2025,22,0018,13810,1,ROSTER,2025 UFA,1.8,2026-08-25
2025,22,0018,17064,4,ROSTER,2025 5.11,0.94,2026-08-25
2025,22,0018,16013,2,ROSTER,2024 UFA,2.97,2026-08-25
2025,22,0018,15757,1,ROSTER,2022 3.12,1.38,2026-08-25
2025,22,0018,14907,1,ROSTER,2025 UFA,1.9,2026-08-25
2025,22,0018,15121,1,ROSTER,2025 UFA,2.0,2026-08-25
2025,22,0018,16342,1,ROSTER,2025 UFA,1.8,2026-08-25
2025,22,0018,14221,3,ROSTER,2025 UFA,5.58,2026-08-25
2025,22,0018,17060,4,ROSTER,2025 5.13,0.94,2026-08-25
2025,22,0018,11327,1,ROSTER,2025 UFA,1.0,2026-08-25
2025,22,0018,15358,1,ROSTER,2025 UFA,1.0,2026-08-25
2025,22,0018,14213,2,ROSTER,2025 R/F,1.0,2026-08-25
2025,22,0018,16738,4,ROSTER,2025 UFA,2.72,2026-08-25
2025,22,0018,13143,1,ROSTER,2025 UFA,1.0,2026-08-25
2025,22,0018,13767,1,ROSTER,2025 UFA,1.0,2026-08-25
2025,22,0018,14151,1,ROSTER,2025 UFA,1.0,2026-08-25
2025,22,0018,16778,1,ROSTER,2025 UFA,1.1,2026-08-25
2025,22,0018,12772,1,ROSTER,2025 UFA,1.0,2026-08-25
2025,22,0018,16231,2,INJURED_RESERVE,2023 2.11,1.67,2026-08-25
2025,22,0018,17166,3,INJURED_RESERVE,2025 UDFA,0.9,2026-08-25
2025,22,0018,13806,1,INJURED_RESERVE,2025 ERFA,1.1,2026-08-25
2025,22,0018,14800,1,INJURED_RESERVE,2025 UFA,4.2,2026-08-25
2025,22,0018,13284,2,INJURED_RESERVE,2024 iEXT,5.15,2026-08-25
2025,22,0019,14782,4,ROSTER,2023 iEXT,10.45,2026-08-25
2025,22,0019,15753,6,ROSTER,2025 iEXT,11.78,2026-08-25
2025,22,0019,15712,1,ROSTER,2022 3.15,1.33,2026-08-25
2025,22,0019,11244,1,ROSTER,2023 NEFToff,30.25,2026-08-25
2025,22,0019,14167,2,ROSTER,2023 B/R,13.31,2026-08-25
2025,22,0019,16252,2,ROSTER,2023 3.17,1.21,2026-08-25
2025,22,0019,16263,2,ROSTER,2023 3.04,1.41,2026-08-25
2025,22,0019,16175,2,ROSTER,2023 3.15,1.23,2026-08-25
2025,22,0019,14163,6,ROSTER,2025 oEXT,14.71,2026-08-25
2025,22,0019,16206,2,ROSTER,2023 5.22,1.04,2026-08-25
2025,22,0019,15076,2,ROSTER,2024 iEXT,3.7,2026-08-25
2025,22,0019,16698,3,ROSTER,2024 4.04,1.09,2026-08-25
2025,22,0019,15798,5,ROSTER,2024 iEXT,3.87,2026-08-25
2025,22,0019,16654,3,ROSTER,2024 4.24,1.0,2026-08-25
2025,22,0019,16236,2,ROSTER,2023 5.21,1.04,2026-08-25
2025,22,0019,15349,5,ROSTER,2024 B/R,10.81,2026-08-25
2025,22,0019,16629,3,ROSTER,2024 2.07,1.75,2026-08-25
2025,22,0019,16268,2,ROSTER,2023 5.17,1.04,2026-08-25
2025,22,0019,13933,1,ROSTER,2025 ERFA,1.1,2026-08-25
2025,22,0019,15868,1,ROSTER,2025 ERFA,1.1,2026-08-25
2025,22,0019,17080,4,ROSTER,2025 3.08,1.25,2026-08-25
2025,22,0019,14218,3,ROSTER,2025 UFA,7.29,2026-08-25
2025,22,0019,14059,2,ROSTER,2025 UFA,5.8,2026-08-25
2025,22,0019,12752,1,ROSTER,2025 UFA,6.1,2026-08-25
2025,22,0019,12626,2,ROSTER,2025 UFA,27.84,2026-08-25
2025,22,0019,17134,4,ROSTER,2025 3.03,1.35,2026-08-25
2025,22,0019,17148,4,ROSTER,2025 4.01,1.05,2026-08-25
2025,22,0019,17153,4,ROSTER,2025 4.03,1.04,2026-08-25
2025,22,0019,15032,1,ROSTER,2025 UFA,1.0,2026-08-25
2025,22,0019,13759,2,ROSTER,2025 R/F,1.0,2026-08-25
2025,22,0019,17156,3,ROSTER,2025 UDFA,0.9,2026-08-25
2025,22,0019,17171,4,ROSTER,2025 5.03,0.96,2026-08-25
2025,22,0019,17234,3,ROSTER,2025 UDFA,0.9,2026-08-25
2025,22,0019,14600,1,ROSTER,2025 UFA,1.0,2026-08-25
2025,22,0019,17220,3,ROSTER,2025 UDFA,0.9,2026-08-25
2025,22,0019,15446,1,ROSTER,2025 UFA,1.0,2026-08-25
2025,22,0019,15089,1,ROSTER,2025 ERFA,1.1,2026-08-25
2025,22,0019,16080,5,ROSTER,2025 iEXT,6.62,2026-08-25
2025,22,0019,15388,3,ROSTER,2025 iEXT,3.31,2026-08-25
2025,22,0019,14080,1,ROSTER,2025 UFA,1.0,2026-08-25
2025,22,0019,15786,1,ROSTER,2025 UFA,1.0,2026-08-25
2025,22,0019,14900,4,ROSTER,2025 B/R,6.72,2026-08-25
2025,22,0019,16714,1,ROSTER,2025 UFA,1.0,2026-08-25
2025,22,0019,14162,1,ROSTER,2025 UFA,1.0,2026-08-25
2025,22,0019,15293,1,ROSTER,2025 UFA,1.0,2026-08-25
2025,22,0020,14892,1,ROSTER,2024 oEXT,7.78,2026-08-25
2025,22,0020,14896,1,ROSTER,2024 oEXT,8.33,2026-08-25
2025,22,0020,15907,1,ROSTER,2022 iEXT,3.06,2026-08-25
2025,22,0020,15861,1,ROSTER,2024 oEXT,2.54,2026-08-25
2025,22,0020,16264,2,ROSTER,2023 5.02,1.08,2026-08-25
2025,22,0020,16333,1,ROSTER,2023 UDFA,0.98,2026-08-25
2025,22,0020,16369,1,ROSTER,2023 UDFA,0.98,2026-08-25
2025,22,0020,16278,1,ROSTER,2023 UDFA,0.98,2026-08-25
2025,22,0020,14842,2,ROSTER,2024 oEXT,13.24,2026-08-25
2025,22,0020,16251,2,ROSTER,2023 4.05,1.14,2026-08-25
2025,22,0020,15794,6,ROSTER,2025 iEXT,15.06,2026-08-25
2025,22,0020,16619,3,ROSTER,2024 3.02,1.38,2026-08-25
2025,22,0020,16675,3,ROSTER,2024 3.16,1.14,2026-08-25
2025,22,0020,16705,3,ROSTER,2024 5.11,0.98,2026-08-25
2025,22,0020,16697,3,ROSTER,2024 5.16,0.98,2026-08-25
2025,22,0020,11675,2,ROSTER,2024 UFA,21.78,2026-08-25
2025,22,0020,14105,2,ROSTER,2024 oEXT,12.22,2026-08-25
2025,22,0020,12620,3,ROSTER,2021 EXT,37.21,2026-08-25
2025,22,0020,17030,4,ROSTER,2025 1.04,6.11,2026-08-25
2025,22,0020,17072,4,ROSTER,2025 2.04,1.98,2026-08-25
2025,22,0020,17056,4,ROSTER,2025 4.02,1.04,2026-08-25
2025,22,0020,15355,1,ROSTER,2025 UFA,7.3,2026-08-25
2025,22,0020,13208,1,ROSTER,2025 UFA,3.0,2026-08-25
2025,22,0020,15911,1,ROSTER,2025 UFA,1.0,2026-08-25
2025,22,0020,16292,1,ROSTER,2025 UFA,1.0,2026-08-25
2025,22,0020,13952,1,ROSTER,2025 UFA,20.1,2026-08-25
2025,22,0020,13693,1,ROSTER,2023 oEXT,3.5,2026-08-25
2025,22,0020,16226,2,ROSTER,2023 1.15,2.53,2026-08-25
2025,22,0020,15001,1,ROSTER,2025 UFA,1.8,2026-08-25
2025,22,0020,14283,1,ROSTER,2025 UFA,1.8,2026-08-25
2025,22,0020,15256,1,ROSTER,2025 UFA,2.0,2026-08-25
2025,22,0020,17181,3,ROSTER,2025 UDFA,0.9,2026-08-25
2025,22,0020,12767,1,ROSTER,2024 UFA,5.96,2026-08-25
2025,22,0020,17205,3,ROSTER,2025 UDFA,0.9,2026-08-25
2025,22,0020,11222,1,ROSTER,2025 UFA,1.8,2026-08-25
2025,22,0020,13319,1,ROSTER,2024 UFA,14.84,2026-08-25
2025,22,0020,14302,1,ROSTER,2025 UFA,1.9,2026-08-25
2025,22,0020,16274,2,ROSTER,2023 5.26,1.04,2026-08-25
2025,22,0020,11232,1,ROSTER,2025 B/R,1.9,2026-08-25
2025,22,0020,14137,1,ROSTER,2025 UFA,1.0,2026-08-25
2025,22,0020,16767,1,ROSTER,2025 UFA,2.6,2026-08-25
2025,22,0020,16383,1,ROSTER,2023 UDFA,0.98,2026-08-25
2025,22,0020,17207,1,ROSTER,2025 UFA,2.9,2026-08-25
2025,22,0020,16596,3,INJURED_RESERVE,2024 3.11,1.21,2026-08-25
2025,22,0020,13685,1,INJURED_RESERVE,2025 UFA,1.0,2026-08-25
2025,22,0021,14779,4,ROSTER,2023 iEXT,14.17,2026-08-25
2025,22,0021,15346,3,ROSTER,2024 iEXT,6.7,2026-08-25
2025,22,0021,15711,2,ROSTER,2025 iEXT,9.99,2026-08-25
2025,22,0021,16650,3,ROSTER,2024 2.04,1.91,2026-08-25
2025,22,0021,14927,2,ROSTER,2024 iEXT,3.31,2026-08-25
2025,22,0021,16716,3,ROSTER,2024 3.14,1.17,2026-08-25
2025,22,0021,16187,2,ROSTER,2023 3.03,1.43,2026-08-25
2025,22,0021,16622,3,ROSTER,2024 1.14,2.46,2026-08-25
2025,22,0021,16660,3,ROSTER,2024 2.16,1.42,2026-08-25
2025,22,0021,14148,1,ROSTER,2024 iEXT,7.98,2026-08-25
2025,22,0021,12225,1,ROSTER,2025 ORFAN,15.0,2026-08-25
2025,22,0021,13681,2,ROSTER,2025 ORFA1,3.41,2026-08-25
2025,22,0021,15799,1,ROSTER,2025 ERFA,1.09,2026-08-25
2025,22,0021,15051,1,ROSTER,2025 ERFA,1.1,2026-08-25
2025,22,0021,9051,1,ROSTER,2025 RRFA,5.1,2026-08-25
2025,22,0021,14909,2,ROSTER,2025 B/R,9.12,2026-08-25
2025,22,0021,17107,4,ROSTER,2025 3.15,1.14,2026-08-25
2025,22,0021,17082,4,ROSTER,2025 4.12,0.99,2026-08-25
2025,22,0021,14303,2,ROSTER,2025 UFA,5.32,2026-08-25
2025,22,0021,11936,1,ROSTER,2025 UFA,3.0,2026-08-25
2025,22,0021,13189,2,ROSTER,2025 UFA,5.89,2026-08-25
2025,22,0021,10775,1,ROSTER,2025 UFA,5.3,2026-08-25
2025,22,0021,10266,1,ROSTER,2025 UFA,11.8,2026-08-25
2025,22,0021,16287,1,ROSTER,2024 R/F,1.1,2026-08-25
2025,22,0021,16186,2,ROSTER,2023 1.06,4.95,2026-08-25
2025,22,0021,14997,1,ROSTER,2025 UFA,1.0,2026-08-25
2025,22,0021,14802,3,ROSTER,2025 oEXT,16.97,2026-08-25
2025,22,0021,17031,4,ROSTER,2025 3.16,1.13,2026-08-25
2025,22,0021,14472,1,ROSTER,2024 SRFA,5.38,2026-08-25
2025,22,0021,16725,4,ROSTER,2025 iEXT,1.87,2026-08-25
2025,22,0021,15401,1,ROSTER,2025 UFA,1.0,2026-08-25
2025,22,0021,12616,1,ROSTER,2025 UFA,1.0,2026-08-25
2025,22,0021,16693,3,ROSTER,2024 3.19,1.12,2026-08-25
2025,22,0021,15864,3,ROSTER,2025 iEXT,2.88,2026-08-25
2025,22,0021,16620,3,ROSTER,2024 1.08,3.67,2026-08-25
2025,22,0021,14247,3,ROSTER,2025 oEXT,4.97,2026-08-25
2025,22,0021,13774,1,ROSTER,2025 UFA,1.9,2026-08-25
2025,22,0021,17044,4,ROSTER,2025 1.05,5.38,2026-08-25
2025,22,0021,13633,1,ROSTER,2025 UFA,1.0,2026-08-25
2025,22,0021,16224,1,ROSTER,2025 UFA,1.1,2026-08-25
2025,22,0021,14888,1,ROSTER,2025 UFA,1.0,2026-08-25
2025,22,0021,16281,1,ROSTER,2025 UFA,1.0,2026-08-25
2025,22,0021,17097,1,ROSTER,2025 UFA,1.1,2026-08-25
2025,22,0021,17201,1,ROSTER,2025 UFA,1.0,2026-08-25
2025,22,0021,14840,2,INJURED_RESERVE,2025 B/R,17.58,2026-08-25
2025,22,0021,16171,2,INJURED_RESERVE,2023 2.06,1.91,2026-08-25
2025,22,0021,14158,2,INJURED_RESERVE,2023 iEXT,6.91,2026-08-25
2025,22,0021,17074,4,INJURED_RESERVE,2025 1.02,8.23,2026-08-25
2025,22,0022,15365,2,ROSTER,2024 iEXT,6.29,2026-08-25
2025,22,0022,15692,1,ROSTER,2022 2.04,2.31,2026-08-25
2025,22,0022,14164,1,ROSTER,2023 oEXT,3.37,2026-08-25
2025,22,0022,14136,1,ROSTER,2023 B/R,14.52,2026-08-25
2025,22,0022,16276,2,ROSTER,2023 3.12,1.28,2026-08-25
2025,22,0022,16351,2,ROSTER,2023 5.25,1.04,2026-08-25
2025,22,0022,16284,2,ROSTER,2023 5.10,1.06,2026-08-25
2025,22,0022,15694,1,ROSTER,2022 2.06,2.16,2026-08-25
2025,22,0022,14405,1,ROSTER,2024 SRFA,5.38,2026-08-25
2025,22,0022,16018,1,ROSTER,2024 RRFA,3.41,2026-08-25
2025,22,0022,16579,3,ROSTER,2024 1.01,8.79,2026-08-25
2025,22,0022,14073,2,ROSTER,2024 UFA,12.97,2026-08-25
2025,22,0022,14867,1,ROSTER,2024 UFA,6.38,2026-08-25
2025,22,0022,14127,1,ROSTER,2024 UFA,9.41,2026-08-25
2025,22,0022,16684,3,ROSTER,2024 5.01,1.0,2026-08-25
2025,22,0022,13294,1,ROSTER,2024 UFA,2.2,2026-08-25
2025,22,0022,13710,2,ROSTER,2024 iEXT,2.02,2026-08-25
2025,22,0022,11247,1,ROSTER,2025 ERFA,1.1,2026-08-25
2025,22,0022,13888,1,ROSTER,2025 ERFA,1.1,2026-08-25
2025,22,0022,17051,4,ROSTER,2025 1.06,4.8,2026-08-25
2025,22,0022,17123,4,ROSTER,2025 2.06,1.85,2026-08-25
2025,22,0022,17120,4,ROSTER,2025 3.06,1.28,2026-08-25
2025,22,0022,17098,4,ROSTER,2025 4.06,1.02,2026-08-25
2025,22,0022,13470,3,ROSTER,2025 UFA,2.79,2026-08-25
2025,22,0022,13635,2,ROSTER,2025 UFA,15.39,2026-08-25
2025,22,0022,13707,1,ROSTER,2025 UFA,1.8,2026-08-25
2025,22,0022,11938,1,ROSTER,2025 UFA,6.2,2026-08-25
2025,22,0022,10703,1,ROSTER,2025 UFA,5.3,2026-08-25
2025,22,0022,13298,2,ROSTER,2025 UFA,14.92,2026-08-25
2025,22,0022,16775,3,ROSTER,2024 5.10,0.98,2026-08-25
2025,22,0022,14957,2,ROSTER,2025 R/F,1.0,2026-08-25
2025,22,0022,17178,4,ROSTER,2025 5.06,0.95,2026-08-25
2025,22,0022,17155,3,ROSTER,2025 UDFA,0.9,2026-08-25
2025,22,0022,14328,1,ROSTER,2025 UFA,1.8,2026-08-25
2025,22,0022,15292,1,ROSTER,2025 UFA,1.8,2026-08-25
2025,22,0022,14170,1,ROSTER,2025 UFA,5.0,2026-08-25
2025,22,0022,16174,1,ROSTER,2025 UFA,5.1,2026-08-25
2025,22,0022,14200,1,ROSTER,2024 UFA,2.41,2026-08-25
2025,22,0022,12238,1,ROSTER,2025 UFA,1.8,2026-08-25
2025,22,0022,14244,1,ROSTER,2025 UFA,1.0,2026-08-25
2025,22,0022,16724,1,ROSTER,2025 UFA,1.0,2026-08-25
2025,22,0022,14122,2,ROSTER,2025 R/F,1.0,2026-08-25
2025,22,0022,13692,1,ROSTER,2025 UFA,3.0,2026-08-25
2025,22,0022,12697,1,ROSTER,2025 UFA,9.1,2026-08-25
2025,22,0022,13748,3,ROSTER,2025 UFA,3.51,2026-08-25
2025,22,0022,14223,1,INJURED_RESERVE,2025 UFA,1.8,2026-08-25
2025,22,0022,16645,2,INJURED_RESERVE,2024 UDFA,0.94,2026-08-25
2025,22,0022,16640,3,INJURED_RESERVE,2024 4.01,1.11,2026-08-25
2025,22,0022,16652,3,INJURED_RESERVE,2024 3.01,1.4,2026-08-25
2025,22,0022,13404,1,INJURED_RESERVE,2025 UFA,3.1,2026-08-25
2025,22,0022,15254,3,INJURED_RESERVE,2025 UFA,3.78,2026-08-25
2025,22,0022,12688,2,INJURED_RESERVE,2025 UFA,15.96,2026-08-25
2025,22,0022,14910,2,INJURED_RESERVE,2025 SRFA,5.35,2026-08-25
2025,22,0023,13782,2,ROSTER,2024 iEXT,4.3,2026-08-25
2025,22,0023,15352,2,ROSTER,2024 iEXT,3.73,2026-08-25
2025,22,0023,16233,2,ROSTER,2023 1.10,3.45,2026-08-25
2025,22,0023,16244,2,ROSTER,2023 2.10,1.71,2026-08-25
2025,22,0023,16266,2,ROSTER,2023 4.04,1.17,2026-08-25
2025,22,0023,16230,2,ROSTER,2023 3.10,1.3,2026-08-25
2025,22,0023,15787,2,ROSTER,2025 iEXT,9.37,2026-08-25
2025,22,0023,16653,3,ROSTER,2024 1.16,2.24,2026-08-25
2025,22,0023,13590,2,ROSTER,2024 iEXT,20.87,2026-08-25
2025,22,0023,13713,1,ROSTER,2024 UFA,5.23,2026-08-25
2025,22,0023,15448,1,ROSTER,2024 UFA,4.5,2026-08-25
2025,22,0023,14833,1,ROSTER,2025 oEXT,24.48,2026-08-25
2025,22,0023,15754,3,ROSTER,2025 iEXT,12.86,2026-08-25
2025,22,0023,13738,2,ROSTER,2025 R/F,1.0,2026-08-25
2025,22,0023,14860,1,ROSTER,2025 SRFA,5.35,2026-08-25
2025,22,0023,15889,1,ROSTER,2025 RRFA,4.5,2026-08-25
2025,22,0023,15288,1,ROSTER,2025 UFA,1.9,2026-08-25
2025,22,0023,14210,1,ROSTER,2025 UFA,5.6,2026-08-25
2025,22,0023,10768,1,ROSTER,2025 UFA,6.4,2026-08-25
2025,22,0023,16166,1,ROSTER,2025 UFA,1.9,2026-08-25
2025,22,0023,13223,1,ROSTER,2025 UFA,4.3,2026-08-25
2025,22,0023,13723,1,ROSTER,2025 UFA,5.2,2026-08-25
2025,22,0023,15003,1,ROSTER,2025 UFA,2.0,2026-08-25
2025,22,0023,17047,4,ROSTER,2025 2.15,1.46,2026-08-25
2025,22,0023,16610,3,ROSTER,2024 3.06,1.29,2026-08-25
2025,22,0023,17106,4,ROSTER,2025 2.08,1.74,2026-08-25
2025,22,0023,17149,4,ROSTER,2025 3.19,1.1,2026-08-25
2025,22,0023,15856,2,ROSTER,2025 oEXT,5.46,2026-08-25
2025,22,0023,17124,4,ROSTER,2025 5.18,0.94,2026-08-25
2025,22,0023,14168,1,ROSTER,2025 UFA,2.1,2026-08-25
2025,22,0023,16294,1,ROSTER,2025 UFA,1.9,2026-08-25
2025,22,0023,15241,1,ROSTER,2025 UFA,2.0,2026-08-25
2025,22,0023,13249,1,ROSTER,2025 UFA,1.0,2026-08-25
2025,22,0023,15255,1,ROSTER,2025 UFA,2.6,2026-08-25
2025,22,0023,16927,1,ROSTER,2025 UFA,5.2,2026-08-25
2025,22,0023,15258,1,ROSTER,2025 UFA,4.5,2026-08-25
2025,22,0023,16757,1,ROSTER,2025 UFA,4.4,2026-08-25
2025,22,0023,9064,1,ROSTER,2025 UFA,7.1,2026-08-25
2025,22,0023,13719,1,ROSTER,2025 UFA,1.9,2026-08-25
2025,22,0023,13133,1,ROSTER,2025 UFA,1.0,2026-08-25
2025,22,0023,14592,1,ROSTER,2025 UFA,1.0,2026-08-25
2025,22,0023,15863,1,ROSTER,2025 UFA,1.1,2026-08-25
2025,22,0023,16191,2,ROSTER,2025 oEXT,4.41,2026-08-25
2025,22,0023,16642,3,ROSTER,2024 5.05,0.99,2026-08-25
2025,22,0023,12263,1,ROSTER,2025 UFA,5.0,2026-08-25
2025,22,0023,17151,4,INJURED_RESERVE,2025 3.22,1.07,2026-08-25
2025,22,0023,15386,1,INJURED_RESERVE,2024 oEXT,2.54,2026-08-25
2025,22,0023,14086,1,INJURED_RESERVE,2025 UFA,1.8,2026-08-25
2025,22,0024,15284,1,ROSTER,2025 5YO,26.21,2026-08-25
2025,22,0024,14783,2,ROSTER,2024 oEXT,37.7,2026-08-25
2025,22,0024,15834,1,ROSTER,2022 1.12,3.45,2026-08-25
2025,22,0024,13737,1,ROSTER,2022 UFA,6.13,2026-08-25
2025,22,0024,16253,2,ROSTER,2023 4.06,1.14,2026-08-25
2025,22,0024,15319,1,ROSTER,2023 oEXT,5.47,2026-08-25
2025,22,0024,16696,3,ROSTER,2024 2.08,1.69,2026-08-25
2025,22,0024,16690,3,ROSTER,2024 4.08,1.06,2026-08-25
2025,22,0024,15749,1,ROSTER,2023 oEXT,3.98,2026-08-25
2025,22,0024,15452,2,ROSTER,2025 oEXT,8.88,2026-08-25
2025,22,0024,14412,1,ROSTER,2024 oEXT,7.59,2026-08-25
2025,22,0024,15357,1,ROSTER,2025 NEFT,15.29,2026-08-25
2025,22,0024,13770,1,ROSTER,2025 ERFA,1.1,2026-08-25
2025,22,0024,13671,2,ROSTER,2025 B/R,7.79,2026-08-25
2025,22,0024,17043,4,ROSTER,2025 1.07,4.32,2026-08-25
2025,22,0024,17122,4,ROSTER,2025 2.11,1.6,2026-08-25
2025,22,0024,17135,4,ROSTER,2025 3.07,1.26,2026-08-25
2025,22,0024,17105,4,ROSTER,2025 5.07,0.95,2026-08-25
2025,22,0024,13844,1,ROSTER,2025 UFA,1.9,2026-08-25
2025,22,0024,15979,1,ROSTER,2025 UFA,2.3,2026-08-25
2025,22,0024,11348,1,ROSTER,2025 UFA,1.9,2026-08-25
2025,22,0024,14877,1,ROSTER,2025 UFA,1.9,2026-08-25
2025,22,0024,12739,1,ROSTER,2025 UFA,2.9,2026-08-25
2025,22,0024,15362,1,ROSTER,2025 UFA,1.9,2026-08-25
2025,22,0024,14879,1,ROSTER,2025 UFA,1.8,2026-08-25
2025,22,0024,14918,1,ROSTER,2025 UFA,1.9,2026-08-25
2025,22,0024,17059,3,ROSTER,2025 UDFA,0.9,2026-08-25
2025,22,0024,17143,3,ROSTER,2025 UDFA,0.9,2026-08-25
2025,22,0024,17048,4,ROSTER,2025 2.01,2.23,2026-08-25
2025,22,0024,15981,1,ROSTER,2025 UFA,1.9,2026-08-25
2025,22,0024,16432,1,ROSTER,2025 UFA,1.0,2026-08-25
2025,22,0024,12217,1,ROSTER,2025 UFA,1.0,2026-08-25
2025,22,0024,12141,1,ROSTER,2025 UFA,2.6,2026-08-25
2025,22,0024,16626,3,ROSTER,2024 2.02,2.07,2026-08-25
2025,22,0024,11706,1,ROSTER,2025 UFA,1.0,2026-08-25
2025,22,0024,16216,1,ROSTER,2025 UFA,1.0,2026-08-25
2025,22,0024,17141,4,ROSTER,2025 4.07,1.01,2026-08-25
2025,22,0024,16623,1,ROSTER,2025 UFA,1.0,2026-08-25
2025,22,0024,16283,1,ROSTER,2024 R/F,1.1,2026-08-25
2025,22,0024,17195,3,ROSTER,2025 UDFA,0.9,2026-08-25
2025,22,0024,17114,4,ROSTER,2025 3.01,1.4,2026-08-25
2025,22,0024,14903,1,ROSTER,2025 UFA,2.0,2026-08-25
2025,22,0024,15382,1,INJURED_RESERVE,2025 ERFA,1.1,2026-08-25
2025,22,0024,16204,2,INJURED_RESERVE,2023 3.06,1.36,2026-08-25
2025,22,0024,17268,3,INJURED_RESERVE,2025 UDFA,0.9,2026-08-25
2025,22,0024,16152,2,INJURED_RESERVE,2023 1.02,8.38,2026-08-25
2025,22,0024,13629,2,INJURED_RESERVE,2022 UFA,12.1,2026-08-25
2025,22,0024,15859,1,INJURED_RESERVE,2025 SRFA,5.35,2026-08-25
2025,22,0024,17179,3,INJURED_RESERVE,2025 UDFA,0.9,2026-08-25
2025,22,0025,14832,3,ROSTER,2023 iEXT,22.41,2026-08-25
2025,22,0025,14104,2,ROSTER,2022 iEXT,21.02,2026-08-25
2025,22,0025,15802,3,ROSTER,2024 iEXT,6.68,2026-08-25
2025,22,0025,14590,2,ROSTER,2024 iEXT,4.04,2026-08-25
2025,22,0025,15698,5,ROSTER,2025 oEXT,34.16,2026-08-25
2025,22,0025,16213,2,ROSTER,2023 1.09,3.73,2026-08-25
2025,22,0025,16241,2,ROSTER,2023 3.09,1.32,2026-08-25
2025,22,0025,16207,2,ROSTER,2023 5.09,1.06,2026-08-25
2025,22,0025,15710,1,ROSTER,2022 5.13^,3.41,2026-08-25
2025,22,0025,13592,1,ROSTER,2024 R/F,1.1,2026-08-25
2025,22,0025,14249,1,ROSTER,2024 SRFA,5.38,2026-08-25
2025,22,0025,7836,1,ROSTER,2024 B/R,6.38,2026-08-25
2025,22,0025,16639,3,ROSTER,2024 1.15,2.34,2026-08-25
2025,22,0025,16694,3,ROSTER,2024 2.15,1.44,2026-08-25
2025,22,0025,16707,3,ROSTER,2024 4.21,1.0,2026-08-25
2025,22,0025,16676,3,ROSTER,2024 5.09,0.99,2026-08-25
2025,22,0025,16717,3,ROSTER,2024 5.18,0.98,2026-08-25
2025,22,0025,12305,1,ROSTER,2024 UFA,3.25,2026-08-25
2025,22,0025,13251,2,ROSTER,2025 oEXT,6.7,2026-08-25
2025,22,0025,16688,3,ROSTER,2024 4.12,1.03,2026-08-25
2025,22,0025,15768,4,ROSTER,2025 iEXT,18.81,2026-08-25
2025,22,0025,15805,6,ROSTER,2025 iEXT,9.33,2026-08-25
2025,22,0025,15809,5,ROSTER,2025 iEXT,6.78,2026-08-25
2025,22,0025,14219,2,ROSTER,2025 R/F,1.0,2026-08-25
2025,22,0025,13130,2,ROSTER,2025 B/R,14.25,2026-08-25
2025,22,0025,17121,4,ROSTER,2025 1.13,2.72,2026-08-25
2025,22,0025,17033,4,ROSTER,2025 3.13,1.17,2026-08-25
2025,22,0025,17053,4,ROSTER,2025 4.09,1.0,2026-08-25
2025,22,0025,17175,3,ROSTER,2025 UDFA,0.9,2026-08-25
2025,22,0025,16752,1,ROSTER,2025 ERFA,1.1,2026-08-25
2025,22,0025,17186,3,ROSTER,2025 UDFA,0.9,2026-08-25
2025,22,0025,13447,1,ROSTER,2025 UFA,1.0,2026-08-25
2025,22,0025,12782,1,ROSTER,2025 UFA,1.8,2026-08-25
2025,22,0025,13299,1,ROSTER,2023 B/R,18.15,2026-08-25
2025,22,0025,10783,1,ROSTER,2025 UFA,1.8,2026-08-25
2025,22,0025,14154,1,ROSTER,2025 UFA,1.0,2026-08-25
2025,22,0025,15884,1,ROSTER,2025 UFA,1.0,2026-08-25
2025,22,0025,12437,1,ROSTER,2025 UFA,1.8,2026-08-25
2025,22,0025,17036,4,ROSTER,2025 4.13,0.98,2026-08-25
2025,22,0025,16794,1,ROSTER,2025 UFA,1.0,2026-08-25
2025,22,0025,13281,1,ROSTER,2025 UFA,1.0,2026-08-25
2025,22,0025,7394,1,ROSTER,2025 UFA,1.0,2026-08-25
2025,22,0025,16009,1,ROSTER,2025 UFA,1.0,2026-08-25
2025,22,0025,12711,1,ROSTER,2025 UFA,1.0,2026-08-25
2025,22,0025,16254,2,INJURED_RESERVE,2023 2.09,1.75,2026-08-25
2025,22,0025,17045,4,INJURED_RESERVE,2025 2.13,1.52,2026-08-25
2025,22,0026,15846,4,ROSTER,2025 iEXT,5.02,2026-08-25
2025,22,0026,15761,2,ROSTER,2025 iEXT,6.46,2026-08-25
2025,22,0026,14149,3,ROSTER,2025 iEXT,6.75,2026-08-25
2025,22,0026,16262,2,ROSTER,2023 4.11,1.11,2026-08-25
2025,22,0026,14180,1,ROSTER,2023 UFA,1.81,2026-08-25
2025,22,0026,15259,2,ROSTER,2024 iEXT,4.16,2026-08-25
2025,22,0026,14102,2,ROSTER,2023 oEXT,12.72,2026-08-25
2025,22,0026,14071,2,ROSTER,2024 iEXT,15.48,2026-08-25
2025,22,0026,16618,3,ROSTER,2024 1.09,3.38,2026-08-25
2025,22,0026,16582,3,ROSTER,2024 2.09,1.65,2026-08-25
2025,22,0026,16700,3,ROSTER,2024 3.17,1.13,2026-08-25
2025,22,0026,16673,3,ROSTER,2024 4.13,1.03,2026-08-25
2025,22,0026,16662,3,ROSTER,2024 4.17,1.02,2026-08-25
2025,22,0026,16670,3,ROSTER,2024 5.07,0.99,2026-08-25
2025,22,0026,16672,2,ROSTER,2024 UDFA,0.94,2026-08-25
2025,22,0026,16723,2,ROSTER,2024 UDFA,0.94,2026-08-25
2025,22,0026,16719,2,ROSTER,2024 UDFA,0.94,2026-08-25
2025,22,0026,16282,2,ROSTER,2024 SRFA,5.38,2026-08-25
2025,22,0026,14138,3,ROSTER,2025 oEXT,16.82,2026-08-25
2025,22,0026,15756,1,ROSTER,2022 1.05,6.45,2026-08-25
2025,22,0026,16178,1,ROSTER,2023 UDFA,0.98,2026-08-25
2025,22,0026,14159,4,ROSTER,2025 iEXT,12.74,2026-08-25
2025,22,0026,14235,2,ROSTER,2025 R/F,1.0,2026-08-25
2025,22,0026,16712,2,ROSTER,2025 R/F,1.0,2026-08-25
2025,22,0026,13593,1,ROSTER,2025 NEFT,35.95,2026-08-25
2025,22,0026,15871,3,ROSTER,2025 FRFA,7.46,2026-08-25
2025,22,0026,17070,4,ROSTER,2025 1.15,2.45,2026-08-25
2025,22,0026,17046,4,ROSTER,2025 4.15,0.98,2026-08-25
2025,22,0026,17146,4,ROSTER,2025 4.17,0.97,2026-08-25
2025,22,0026,17058,3,ROSTER,2025 UDFA,0.9,2026-08-25
2025,22,0026,15345,3,ROSTER,2025 UFA,3.6,2026-08-25
2025,22,0026,13813,1,ROSTER,2025 UFA,6.3,2026-08-25
2025,22,0026,14861,1,ROSTER,2025 UFA,1.8,2026-08-25
2025,22,0026,13138,1,ROSTER,2025 UFA,1.8,2026-08-25
2025,22,0026,16887,1,ROSTER,2025 UFA,1.0,2026-08-25
2025,22,0026,16194,2,ROSTER,2023 2.08,1.8,2026-08-25
2025,22,0026,14943,1,ROSTER,2025 UFA,1.0,2026-08-25
2025,22,0026,13330,1,ROSTER,2025 UFA,1.9,2026-08-25
2025,22,0026,15369,1,ROSTER,2025 UFA,1.0,2026-08-25
2025,22,0026,16460,1,ROSTER,2025 UFA,1.9,2026-08-25
2025,22,0026,13303,1,ROSTER,2025 UFA,1.0,2026-08-25
2025,22,0026,14179,3,ROSTER,2025 oEXT,8.68,2026-08-25
2025,22,0026,14147,1,INJURED_RESERVE,2022 iEXT,24.61,2026-08-25
2025,22,0026,13743,3,INJURED_RESERVE,2025 B/R,7.2,2026-08-25
2025,22,0026,14186,1,INJURED_RESERVE,2024 R/F,1.1,2026-08-25
2025,22,0026,16635,3,INJURED_RESERVE,2024 4.11,1.04,2026-08-25
2025,22,0027,13589,1,ROSTER,2021 EXT,25.7,2026-08-25
2025,22,0027,15282,1,ROSTER,2025 5YO,26.21,2026-08-25
2025,22,0027,15808,1,ROSTER,2022 1.15,2.89,2026-08-25
2025,22,0027,15742,2,ROSTER,2023 iEXT,3.74,2026-08-25
2025,22,0027,16280,2,ROSTER,2023 2.14,1.56,2026-08-25
2025,22,0027,16164,2,ROSTER,2023 3.14,1.24,2026-08-25
2025,22,0027,16255,2,ROSTER,2023 5.14,1.06,2026-08-25
2025,22,0027,15418,1,ROSTER,2023 UFA,1.81,2026-08-25
2025,22,0027,13132,1,ROSTER,2023 UFA,8.49,2026-08-25
2025,22,0027,16617,3,ROSTER,2024 1.12,2.75,2026-08-25
2025,22,0027,16603,3,ROSTER,2024 3.12,1.2,2026-08-25
2025,22,0027,16680,2,ROSTER,2024 UDFA,0.94,2026-08-25
2025,22,0027,13674,2,ROSTER,2024 B/R,5.94,2026-08-25
2025,22,0027,10292,2,ROSTER,2025 R/F,1.0,2026-08-25
2025,22,0027,14893,1,ROSTER,2025 TT,11.22,2026-08-25
2025,22,0027,15393,2,ROSTER,2025 RRFA,4.1,2026-08-25
2025,22,0027,12186,4,ROSTER,2025 B/R,5.53,2026-08-25
2025,22,0027,17075,4,ROSTER,2025 1.10,3.33,2026-08-25
2025,22,0027,17039,4,ROSTER,2025 2.03,2.05,2026-08-25
2025,22,0027,17078,4,ROSTER,2025 2.05,1.91,2026-08-25
2025,22,0027,17138,4,ROSTER,2025 3.05,1.3,2026-08-25
2025,22,0027,17086,4,ROSTER,2025 3.20,1.09,2026-08-25
2025,22,0027,17127,4,ROSTER,2025 4.05,1.02,2026-08-25
2025,22,0027,17037,4,ROSTER,2025 4.19,0.96,2026-08-25
2025,22,0027,17145,4,ROSTER,2025 5.05,0.95,2026-08-25
2025,22,0027,17182,4,ROSTER,2025 5.19,0.94,2026-08-25
2025,22,0027,15777,1,ROSTER,2025 ERFA,1.1,2026-08-25
2025,22,0027,12686,3,ROSTER,2025 UFA,2.0,2026-08-25
2025,22,0027,14252,2,ROSTER,2025 R/F,1.0,2026-08-25
2025,22,0027,15836,1,ROSTER,2025 UFA,1.8,2026-08-25
2025,22,0027,16787,1,ROSTER,2025 UFA,1.9,2026-08-25
2025,22,0027,16733,3,ROSTER,2024 4.14,1.03,2026-08-25
2025,22,0027,14982,1,ROSTER,2025 UFA,1.0,2026-08-25
2025,22,0027,16385,1,ROSTER,2025 UFA,2.3,2026-08-25
2025,22,0027,11985,1,ROSTER,2025 UFA,1.0,2026-08-25
2025,22,0027,15727,1,ROSTER,2025 UFA,4.0,2026-08-25
2025,22,0027,16809,1,ROSTER,2025 ERFA,1.1,2026-08-25
2025,22,0027,11721,1,ROSTER,2025 UFA,7.2,2026-08-25
2025,22,0027,12764,1,ROSTER,2025 UFA,1.9,2026-08-25
2025,22,0027,16215,1,ROSTER,2025 UFA,3.1,2026-08-25
2025,22,0027,14434,1,ROSTER,2025 UFA,1.9,2026-08-25
2025,22,0027,13683,1,ROSTER,2025 UFA,3.3,2026-08-25
2025,22,0027,16036,1,ROSTER,2025 UFA,1.0,2026-08-25
2025,22,0027,16298,1,ROSTER,2025 UFA,4.8,2026-08-25
2025,22,0027,13697,3,ROSTER,2025 UFA,2.79,2026-08-25
2025,22,0027,16149,2,INJURED_RESERVE,2023 1.14,2.66,2026-08-25
2025,22,0027,15862,1,INJURED_RESERVE,2022 5.16^,3.41,2026-08-25
2025,22,0027,16711,3,INJURED_RESERVE,2024 5.12,0.98,2026-08-25
2025,22,0027,13146,2,INJURED_RESERVE,2025 UFA,16.25,2026-08-25
2025,22,0027,17152,4,INJURED_RESERVE,2025 5.17,0.94,2026-08-25
2025,22,0027,16222,2,INJURED_RESERVE,2023 4.14,1.1,2026-08-25
2025,22,0027,16679,3,INJURED_RESERVE,2024 2.12,1.54,2026-08-25
2025,22,0028,15721,1,ROSTER,2022 2.08^,3.41,2026-08-25
2025,22,0028,14940,1,ROSTER,2023 FRFA,7.27,2026-08-25
2025,22,0028,16150,2,ROSTER,2023 1.12,3.0,2026-08-25
2025,22,0028,16189,2,ROSTER,2023 3.13,1.25,2026-08-25
2025,22,0028,16303,2,ROSTER,2023 4.10,1.12,2026-08-25
2025,22,0028,14889,1,ROSTER,2024 UFA,1.87,2026-08-25
2025,22,0028,14153,2,ROSTER,2024 UFA,12.67,2026-08-25
2025,22,0028,12221,1,ROSTER,2024 UFA,20.59,2026-08-25
2025,22,0028,16211,2,ROSTER,2023 5.03,1.08,2026-08-25
2025,22,0028,16661,3,ROSTER,2024 3.15,1.16,2026-08-25
2025,22,0028,16691,3,ROSTER,2024 4.20,1.01,2026-08-25
2025,22,0028,16584,3,ROSTER,2024 1.07,4.02,2026-08-25
2025,22,0028,13268,1,ROSTER,2024 oEXT,3.6,2026-08-25
2025,22,0028,13610,1,ROSTER,2024 UFA,11.08,2026-08-25
2025,22,0028,13332,2,ROSTER,2025 R/F,1.0,2026-08-25
2025,22,0028,11947,2,ROSTER,2025 R/F,1.0,2026-08-25
2025,22,0028,13289,2,ROSTER,2025 R/F,1.0,2026-08-25
2025,22,0028,15290,4,ROSTER,2025 B/R,25.25,2026-08-25
2025,22,0028,15261,2,ROSTER,2025 oEXT,8.29,2026-08-25
2025,22,0028,17147,4,ROSTER,2025 2.10,1.64,2026-08-25
2025,22,0028,11760,2,ROSTER,2025 R/F,1.0,2026-08-25
2025,22,0028,16193,1,ROSTER,2025 UFA,1.8,2026-08-25
2025,22,0028,17104,4,ROSTER,2025 1.08,3.93,2026-08-25
2025,22,0028,15972,1,ROSTER,2025 UFA,5.1,2026-08-25
2025,22,0028,13717,1,ROSTER,2025 UFA,1.8,2026-08-25
2025,22,0028,12218,1,ROSTER,2025 UFA,1.3,2026-08-25
2025,22,0028,16731,1,ROSTER,2025 UFA,1.0,2026-08-25
2025,22,0028,17157,4,ROSTER,2025 4.08,1.01,2026-08-25
2025,22,0028,16314,1,ROSTER,2025 UFA,1.0,2026-08-25
2025,22,0028,16708,3,ROSTER,2024 5.14,0.98,2026-08-25
2025,22,0028,15409,2,ROSTER,2025 R/F,1.0,2026-08-25
2025,22,0028,15833,2,ROSTER,2025 R/F,1.0,2026-08-25
2025,22,0028,16246,1,ROSTER,2023 UDFA,0.98,2026-08-25
2025,22,0028,17161,3,ROSTER,2025 UDFA,0.9,2026-08-25
2025,22,0028,8930,1,ROSTER,2025 UFA,1.0,2026-08-25
2025,22,0028,15390,2,ROSTER,2024 oEXT,1.87,2026-08-25
2025,22,0028,15789,1,ROSTER,2022 1.08,4.71,2026-08-25
2025,22,0028,15392,1,ROSTER,2025 UFA,1.0,2026-08-25
2025,22,0028,16228,2,ROSTER,2023 3.19,1.2,2026-08-25
2025,22,0028,17142,4,ROSTER,2025 5.16,0.94,2026-08-25
2025,22,0028,17263,1,ROSTER,2025 UFA,1.0,2026-08-25
2025,22,0028,13672,1,ROSTER,2025 ERFA,1.1,2026-08-25
2025,22,0028,17339,1,ROSTER,2025 UFA,1.0,2026-08-25
2025,22,0028,15301,1,ROSTER,2025 UFA,1.8,2026-08-25
2025,22,0028,15913,1,ROSTER,2025 UFA,1.0,2026-08-25
2025,22,0028,16597,3,INJURED_RESERVE,2024 1.13,2.6,2026-08-25
2025,22,0028,11768,1,INJURED_RESERVE,2025 UFA,1.0,2026-08-25
2025,22,0028,15398,2,INJURED_RESERVE,2025 R/F,1.0,2026-08-25
2025,22,0028,17150,4,INJURED_RESERVE,2025 5.08,0.95,2026-08-25
2025,22,0028,16583,3,INJURED_RESERVE,2024 2.14,1.47,2026-08-25
2025,22,0028,13325,1,INJURED_RESERVE,2025 UFA,1.8,2026-08-25
2025,22,0029,13696,3,ROSTER,2024 oEXT,12.97,2026-08-25
2025,22,0029,14974,1,ROSTER,2024 iEXT,13.41,2026-08-25
2025,22,0029,16655,3,ROSTER,2024 2.10,1.62,2026-08-25
2025,22,0029,16643,3,ROSTER,2024 3.18,1.13,2026-08-25
2025,22,0029,16747,3,ROSTER,2024 4.10,1.04,2026-08-25
2025,22,0029,15378,3,ROSTER,2024 iEXT,3.27,2026-08-25
2025,22,0029,16245,1,ROSTER,2023 3.11,1.29,2026-08-25
2025,22,0029,14897,3,ROSTER,2024 oEXT,17.72,2026-08-25
2025,22,0029,16649,3,ROSTER,2024 4.19,1.01,2026-08-25
2025,22,0029,15428,3,ROSTER,2025 SRFA,5.35,2026-08-25
2025,22,0029,15253,1,ROSTER,2025 B/R,12.6,2026-08-25
2025,22,0029,17071,4,ROSTER,2025 1.03,7.03,2026-08-25
2025,22,0029,17069,4,ROSTER,2025 3.18,1.11,2026-08-25
2025,22,0029,17073,4,ROSTER,2025 3.23,1.06,2026-08-25
2025,22,0029,15237,3,ROSTER,2025 UFA,13.59,2026-08-25
2025,22,0029,16703,2,ROSTER,2025 R/F,1.0,2026-08-25
2025,22,0029,16585,2,ROSTER,2025 R/F,1.0,2026-08-25
2025,22,0029,17099,3,ROSTER,2025 UDFA,0.9,2026-08-25
2025,22,0029,17241,4,ROSTER,2025 5.01,0.96,2026-08-25
2025,22,0029,17222,4,ROSTER,2025 5.02,0.96,2026-08-25
2025,22,0029,17172,4,ROSTER,2025 5.15,0.94,2026-08-25
2025,22,0029,16722,2,ROSTER,2024 UDFA,0.94,2026-08-25
2025,22,0029,17066,4,ROSTER,2025 5.14,0.94,2026-08-25
2025,22,0029,17076,4,ROSTER,2025 5.22,0.93,2026-08-25
2025,22,0029,17096,4,ROSTER,2025 5.12,0.94,2026-08-25
2025,22,0029,17185,4,ROSTER,2025 5.20,0.94,2026-08-25
2025,22,0029,17154,4,ROSTER,2025 5.10,0.94,2026-08-25
2025,22,0029,17256,3,ROSTER,2025 UDFA,0.9,2026-08-25
2025,22,0029,17160,3,ROSTER,2025 UDFA,0.9,2026-08-25
2025,22,0029,15331,1,ROSTER,2025 UFA,1.0,2026-08-25
2025,22,0029,15716,1,ROSTER,2022 4.24^,3.41,2026-08-25
2025,22,0029,14182,2,ROSTER,2025 UFA,4.94,2026-08-25
2025,22,0029,17159,4,ROSTER,2025 4.10,1.0,2026-08-25
2025,22,0029,17163,1,ROSTER,2025 UFA,1.0,2026-08-25
2025,22,0029,16736,2,ROSTER,2025 R/F,1.0,2026-08-25
2025,22,0029,17034,1,ROSTER,2025 UFA,1.8,2026-08-25
2025,22,0029,14778,3,ROSTER,2025 B/R,18.63,2026-08-25
2025,22,0029,16734,3,ROSTER,2024 4.22,1.0,2026-08-25
2025,22,0029,16240,1,ROSTER,2025 UFA,1.0,2026-08-25
2025,22,0029,15877,1,ROSTER,2025 UFA,1.0,2026-08-25
2025,22,0029,17184,1,ROSTER,2025 UFA,1.0,2026-08-25
2025,22,0029,16604,3,ROSTER,2024 3.08,1.25,2026-08-25
2025,22,0029,16628,3,ROSTER,2024 4.05,1.08,2026-08-25
2025,22,0029,15351,2,INJURED_RESERVE,2025 B/R,4.94,2026-08-25
2025,22,0029,12801,1,INJURED_RESERVE,2025 UFA,6.1,2026-08-25
2025,22,0029,14056,1,INJURED_RESERVE,2024 oEXT,27.12,2026-08-25
2025,22,0029,17113,4,INJURED_RESERVE,2025 2.07,1.79,2026-08-25
2025,22,0030,13198,6,ROSTER,2025 iEXT,20.82,2026-08-25
2025,22,0030,13714,3,ROSTER,2025 iEXT,5.49,2026-08-25
2025,22,0030,14171,5,ROSTER,2025 iEXT,22.1,2026-08-25
2025,22,0030,15762,1,ROSTER,2022 2.01^,3.41,2026-08-25
2025,22,0030,16169,2,ROSTER,2023 1.16,2.41,2026-08-25
2025,22,0030,16267,1,ROSTER,2023 UDFA,0.98,2026-08-25
2025,22,0030,14836,4,ROSTER,2024 iEXT,39.2,2026-08-25
2025,22,0030,16616,3,ROSTER,2024 1.05,4.94,2026-08-25
2025,22,0030,15835,3,ROSTER,2025 iEXT,4.06,2026-08-25
2025,22,0030,17068,4,ROSTER,2025 1.16,2.33,2026-08-25
2025,22,0030,17032,4,ROSTER,2025 2.02,2.14,2026-08-25
2025,22,0030,17144,4,ROSTER,2025 2.16,1.43,2026-08-25
2025,22,0030,17103,4,ROSTER,2025 3.10,1.21,2026-08-25
2025,22,0030,17128,4,ROSTER,2025 3.21,1.08,2026-08-25
2025,22,0030,17119,4,ROSTER,2025 4.11,0.99,2026-08-25
2025,22,0030,13604,1,ROSTER,2025 NEFT,26.48,2026-08-25
2025,22,0030,15387,2,ROSTER,2025 UFA,1.86,2026-08-25
2025,22,0030,15872,1,ROSTER,2025 ERFA,1.1,2026-08-25
2025,22,0030,15081,2,ROSTER,2025 R/F,1.0,2026-08-25
2025,22,0030,16295,1,ROSTER,2025 UFA,1.8,2026-08-25
2025,22,0030,10816,1,ROSTER,2025 UFA,1.9,2026-08-25
2025,22,0030,8851,1,ROSTER,2025 UFA,1.0,2026-08-25
2025,22,0030,14251,1,ROSTER,2024 UFA,1.87,2026-08-25
2025,22,0030,13772,1,ROSTER,2025 UFA,1.8,2026-08-25
2025,22,0030,15366,3,ROSTER,2025 UFA,2.43,2026-08-25
2025,22,0030,13448,1,ROSTER,2025 UFA,1.0,2026-08-25
2025,22,0030,12741,2,ROSTER,2025 iEXT,3.21,2026-08-25
2025,22,0030,15281,5,ROSTER,2024 iEXT,18.74,2026-08-25
2025,22,0030,14085,1,ROSTER,2025 UFA,1.9,2026-08-25
2025,22,0030,16145,1,ROSTER,2025 UFA,1.0,2026-08-25
2025,22,0030,13430,1,ROSTER,2025 UFA,1.0,2026-08-25
2025,22,0030,15510,1,ROSTER,2025 UFA,1.0,2026-08-25
2025,22,0030,16450,1,ROSTER,2025 UFA,1.0,2026-08-25
2025,22,0030,16403,1,ROSTER,2025 UFA,1.0,2026-08-25
2025,22,0030,16786,1,ROSTER,2025 UFA,1.0,2026-08-25
2025,22,0030,15337,1,ROSTER,2025 UFA,1.0,2026-08-25
2025,22,0030,17239,1,ROSTER,2025 UFA,1.0,2026-08-25
2025,22,0030,13116,4,INJURED_RESERVE,2023 oEXT,37.7,2026-08-25
2025,22,0030,16594,3,INJURED_RESERVE,2024 2.06,1.8,2026-08-25
2025,22,0030,16214,2,INJURED_RESERVE,2023 2.02,2.21,2026-08-25
2025,22,0030,15391,2,INJURED_RESERVE,2025 R/F,1.0,2026-08-25
2025,22,0030,15819,3,INJURED_RESERVE,2025 iEXT,1.86,2026-08-25
2025,22,0030,16665,3,INJURED_RESERVE,2024 2.05,1.86,2026-08-25
2025,22,0030,14169,1,INJURED_RESERVE,2025 UFA,1.0,2026-08-25
2025,22,0030,17136,4,INJURED_RESERVE,2025 3.04,1.33,2026-08-25
2025,22,0031,12611,3,ROSTER,2024 oEXT,24.53,2026-08-25
2025,22,0031,14797,2,ROSTER,2024 oEXT,5.96,2026-08-25
2025,22,0031,15751,1,ROSTER,2026 5YO,29.83,2026-08-25
2025,22,0031,15817,1,ROSTER,2022 2.11,1.86,2026-08-25
2025,22,0031,16161,2,ROSTER,2023 1.01,9.94,2026-08-25
2025,22,0031,16185,2,ROSTER,2023 1.05,5.54,2026-08-25
2025,22,0031,13690,1,ROSTER,2023 UFA,6.53,2026-08-25
2025,22,0031,14414,1,ROSTER,2023 UFA,2.83,2026-08-25
2025,22,0031,14908,2,ROSTER,2023 UFA,5.35,2026-08-25
2025,22,0031,16581,3,ROSTER,2024 1.06,4.43,2026-08-25
2025,22,0031,13630,1,ROSTER,2024 UFA,6.27,2026-08-25
2025,22,0031,14921,2,ROSTER,2024 UFA,6.44,2026-08-25
2025,22,0031,13764,1,ROSTER,2024 UFA,2.41,2026-08-25
2025,22,0031,14217,1,ROSTER,2024 UFA,5.23,2026-08-25
2025,22,0031,13317,1,ROSTER,2024 UFA,1.87,2026-08-25
2025,22,0031,14215,2,ROSTER,2024 UFA,1.87,2026-08-25
2025,22,0031,14823,1,ROSTER,2024 UFA,3.25,2026-08-25
2025,22,0031,15873,2,ROSTER,2024 UFA,1.87,2026-08-25
2025,22,0031,16598,3,ROSTER,2024 4.18,1.01,2026-08-25
2025,22,0031,13163,1,ROSTER,2022 B/R,22.63,2026-08-25
2025,22,0031,14669,1,ROSTER,2025 RRFA,3.26,2026-08-25
2025,22,0031,14260,1,ROSTER,2025 B/R,1.9,2026-08-25
2025,22,0031,16846,1,ROSTER,2025 ERFA,1.1,2026-08-25
2025,22,0031,17112,4,ROSTER,2025 1.09,3.61,2026-08-25
2025,22,0031,17115,4,ROSTER,2025 2.09,1.69,2026-08-25
2025,22,0031,17167,4,ROSTER,2025 5.21,0.93,2026-08-25
2025,22,0031,13869,2,ROSTER,2025 UFA,1.86,2026-08-25
2025,22,0031,15361,2,ROSTER,2025 UFA,2.85,2026-08-25
2025,22,0031,15404,3,ROSTER,2025 UFA,6.75,2026-08-25
2025,22,0031,15788,3,ROSTER,2025 UFA,1.86,2026-08-25
2025,22,0031,15869,3,ROSTER,2025 UFA,4.68,2026-08-25
2025,22,0031,13193,2,ROSTER,2025 UFA,4.56,2026-08-25
2025,22,0031,13700,3,ROSTER,2025 UFA,7.2,2026-08-25
2025,22,0031,14157,2,ROSTER,2025 UFA,11.5,2026-08-25
2025,22,0031,13959,1,ROSTER,2025 UFA,1.8,2026-08-25
2025,22,0031,12676,1,ROSTER,2025 UFA,3.1,2026-08-25
2025,22,0031,15375,1,ROSTER,2025 UFA,1.0,2026-08-25
2025,22,0031,14954,1,ROSTER,2025 UFA,1.0,2026-08-25
2025,22,0031,15752,1,ROSTER,2022 1.04,7.33,2026-08-25
2025,22,0031,15821,1,ROSTER,2022 2.02^,5.35,2026-08-25
2025,22,0031,16586,3,ROSTER,2024 5.13,0.98,2026-08-25
2025,22,0031,16663,1,ROSTER,2025 UFA,1.9,2026-08-25
2025,22,0031,10814,1,ROSTER,2025 UFA,1.0,2026-08-25
2025,22,0031,13172,2,ROSTER,2024 UFA,1.87,2026-08-25
2025,22,0031,15385,1,INJURED_RESERVE,2025 UFA,2.9,2026-08-25
2025,22,0031,15923,2,INJURED_RESERVE,2025 UFA,3.99,2026-08-25
2025,22,0032,15350,4,ROSTER,2024 iEXT,10.07,2026-08-25
2025,22,0032,14322,3,ROSTER,2024 oEXT,9.66,2026-08-25
2025,22,0032,15715,1,ROSTER,2022 2.03^,3.41,2026-08-25
2025,22,0032,15853,1,ROSTER,2022 4.02,1.25,2026-08-25
2025,22,0032,15329,3,ROSTER,2024 iEXT,9.15,2026-08-25
2025,22,0032,16239,2,ROSTER,2023 1.13,2.82,2026-08-25
2025,22,0032,16414,1,ROSTER,2023 iEXT,1.81,2026-08-25
2025,22,0032,15832,1,ROSTER,2022 4.03^,5.35,2026-08-25
2025,22,0032,16167,2,ROSTER,2023 2.13,1.59,2026-08-25
2025,22,0032,16181,3,ROSTER,2025 iEXT,8.83,2026-08-25
2025,22,0032,12860,2,ROSTER,2023 iEXT,1.81,2026-08-25
2025,22,0032,14835,3,ROSTER,2024 B/R,14.03,2026-08-25
2025,22,0032,16627,3,ROSTER,2024 1.10,3.14,2026-08-25
2025,22,0032,16644,3,ROSTER,2024 2.13,1.51,2026-08-25
2025,22,0032,16593,3,ROSTER,2024 3.07,1.26,2026-08-25
2025,22,0032,13431,2,ROSTER,2024 iEXT,2.17,2026-08-25
2025,22,0032,15363,3,ROSTER,2024 oEXT,1.87,2026-08-25
2025,22,0032,14225,4,ROSTER,2023 iEXT,22.99,2026-08-25
2025,22,0032,16704,2,ROSTER,2024 4.03,1.09,2026-08-25
2025,22,0032,15850,1,ROSTER,2022 3.18^,3.41,2026-08-25
2025,22,0032,13987,1,ROSTER,2025 ERFA,1.09,2026-08-25
2025,22,0032,17137,4,ROSTER,2025 2.14,1.49,2026-08-25
2025,22,0032,17052,4,ROSTER,2025 3.02,1.37,2026-08-25
2025,22,0032,17131,4,ROSTER,2025 3.14,1.15,2026-08-25
2025,22,0032,17049,4,ROSTER,2025 4.14,0.98,2026-08-25
2025,22,0032,17083,4,ROSTER,2025 1.14,2.58,2026-08-25
2025,22,0032,17087,2,ROSTER,2025 UFA,1.87,2026-08-25
2025,22,0032,16346,2,ROSTER,2025 R/F,1.0,2026-08-25
2025,22,0032,15928,1,ROSTER,2025 UFA,1.1,2026-08-25
2025,22,0032,17174,1,ROSTER,2025 UFA,1.0,2026-08-25
2025,22,0032,16350,2,ROSTER,2024 iEXT,3.71,2026-08-25
2025,22,0032,14985,1,ROSTER,2025 UFA,1.0,2026-08-25
2025,22,0032,14789,1,ROSTER,2025 UFA,1.9,2026-08-25
2025,22,0032,11150,1,ROSTER,2025 UFA,2.1,2026-08-25
2025,22,0032,16657,1,ROSTER,2025 UFA,1.0,2026-08-25
2025,22,0032,16159,2,ROSTER,2023 4.15,1.1,2026-08-25
2025,22,0032,16269,2,ROSTER,2025 R/F,1.0,2026-08-25
2025,22,0032,16195,1,ROSTER,2025 UFA,1.0,2026-08-25
2025,22,0032,15950,1,ROSTER,2025 UFA,1.0,2026-08-25
2025,22,0032,15238,1,ROSTER,2025 UFA,1.8,2026-08-25
2025,22,0032,17209,1,ROSTER,2025 UFA,1.0,2026-08-25
2025,22,0032,16184,2,ROSTER,2023 2.07,1.86,2026-08-25
2025,22,0032,10700,1,ROSTER,2025 UFA,1.0,2026-08-25
2025,22,0032,16455,2,ROSTER,2025 oEXT,2.31,2026-08-25
2025,22,0032,17169,1,ROSTER,2025 UFA,1.0,2026-08-25
2025,22,0032,16227,2,INJURED_RESERVE,2025 R/F,1.0,2026-08-25
2025,22,0032,15858,1,INJURED_RESERVE,2025 UFA,1.0,2026-08-25
2025,22,0032,15469,2,INJURED_RESERVE,2024 iEXT,3.49,2026-08-25
2025,22,0032,13131,1,INJURED_RESERVE,2025 UFA,1.0,2026-08-25
2025,22,0032,14882,2,INJURED_RESERVE,2025 oEXT,18.77,2026-08-25
